126.87   3.787  20.0  12.0  66.0  100.0  6.49  X   Y   0
125.12   -0.073  35.0  34.0  72.0  104.0  5.91  X   Y   1
126.014   0.533  43.7  201.0  62.0  68.0  6.01  X   Y   2
126.72   3.07  20.1  83.0  18.0  123.0  5.5  X   Y   3
126.86   3.72  44.9  134.0  34.0  42.0  5.4  X   Y   4
120.486   -1.909  35.0  33.0  86.0  167.0  6.12  X   Y   5
126.279   1.396  44.4  197.0  58.0  85.0  6.27  X   Y   6
126.63   2.19  34.7  107.0  12.0  116.0  5.5  X   Y   7
120.653   -0.808  35.0  310.0  65.0  -140.0  5.84  X   Y   8
124.08   -0.31  46.1  97.0  83.0  -175.0  5.4  X   Y   9
126.455   1.687  50.0  212.0  59.0  60.0  5.63  X   Y   10
126.7   3.76  39.5  359.0  24.0  -36.0  5.4  X   Y   11
125.289   -0.065  41.8  24.0  73.0  85.0  5.5  X   Y   12
126.514   4.013  35.0  192.0  70.0  -86.0  5.54  X   Y   13
120.308   1.125  36.9  85.0  83.0  -41.0  5.63  X   Y   14
124.88   -0.08  45.1  202.0  23.0  90.0  5.4  X   Y   15
126.009   0.547  43.9  214.0  60.0  106.0  6.12  X   Y   16
126.735   3.866  15.0  177.0  63.0  91.0  5.49  X   Y   17
120.383   0.993  30.5  263.0  82.0  90.0  6.36  X   Y   18
126.918   3.083  37.1  358.0  75.0  104.0  6.97  X   Y   19
125.959   0.668  36.2  182.0  74.0  114.0  6.26  X   Y   20
126.031   0.806  30.0  22.0  62.0  124.0  5.61  X   Y   21
126.249   1.241  45.0  206.0  53.0  119.0  5.66  X   Y   22
126.567   0.576  49.6  279.0  62.0  -44.0  6.04  X   Y   23
125.932   0.707  38.2  295.0  71.0  52.0  6.52  X   Y   24
127.0   3.52  26.6  110.0  14.0  41.0  6.0  X   Y   25
126.042   1.047  35.0  334.0  63.0  58.0  5.64  X   Y   26
126.63   2.605  38.5  3.0  57.0  57.0  5.49  X   Y   27
126.695   3.498  39.1  321.0  76.0  99.0  5.5  X   Y   28
126.49   4.0  15.0  107.0  17.0  57.0  5.5  X   Y   29
123.327   -0.561  35.0  357.0  61.0  67.0  5.74  X   Y   30
123.39   -0.01  36.0  220.0  36.0  126.0  5.7  X   Y   31
126.366   1.515  39.1  35.0  33.0  84.0  5.39  X   Y   32
126.639   1.739  44.0  127.0  69.0  37.0  5.67  X   Y   33
126.771   2.034  24.0  229.0  81.0  114.0  5.46  X   Y   34
125.89   2.22  40.4  339.0  26.0  22.0  5.5  X   Y   35
119.91   0.58  45.0  344.0  18.0  6.0  5.3  X   Y   36
126.605   3.788  34.1  6.0  46.0  92.0  5.83  X   Y   37
120.977   1.159  30.0  278.0  79.0  99.0  6.4  X   Y   38
120.8   1.196  28.3  290.0  79.0  104.0  6.45  X   Y   39
120.798   1.181  27.7  290.0  74.0  125.0  6.45  X   Y   40
126.94   1.99  44.7  356.0  28.0  76.0  5.4  X   Y   41
119.61   0.84  49.0  319.0  21.0  -56.0  5.4  X   Y   42
126.72   2.58  13.8  38.0  44.0  131.0  5.1  X   Y   43
126.337   1.378  35.0  194.0  72.0  81.0  6.33  X   Y   44
126.44   1.25  33.3  46.0  58.0  115.0  5.85  X   Y   45
125.382   0.368  35.0  24.0  76.0  83.0  5.76  X   Y   46
120.24   -2.17  10.6  307.0  41.0  -19.0  5.5  X   Y   47
119.38   -1.32  43.9  283.0  84.0  -3.0  6.6  X   Y   48
123.38   -0.17  43.9  348.0  77.0  -7.0  5.5  X   Y   49
126.364   1.714  47.4  216.0  58.0  103.0  6.91  X   Y   50
126.27   1.77  37.8  192.0  35.0  120.0  5.5  X   Y   51
126.55   3.726  30.4  12.0  47.0  88.0  6.16  X   Y   52
126.49   2.045  35.0  229.0  66.0  118.0  5.9  X   Y   53
126.45   1.994  44.8  209.0  50.0  89.0  5.89  X   Y   54
126.515   1.882  32.3  224.0  81.0  104.0  7.51  X   Y   55
126.89   3.08  20.2  347.0  16.0  34.0  7.5  X   Y   56
126.514   1.925  29.1  35.0  80.0  -94.0  6.22  X   Y   57
126.572   1.897  20.0  29.0  79.0  -89.0  6.41  X   Y   58
126.509   1.827  30.2  94.0  84.0  -80.0  6.03  X   Y   59
126.933   2.328  36.3  334.0  61.0  115.0  6.42  X   Y   60
126.35   2.2  23.9  342.0  38.0  95.0  5.8  X   Y   61
126.571   2.164  40.6  201.0  53.0  111.0  5.48  X   Y   62
126.68   2.32  17.8  339.0  43.0  111.0  5.5  X   Y   63
125.851   0.619  20.0  188.0  80.0  85.0  5.8  X   Y   64
126.677   3.777  29.0  26.0  71.0  123.0  6.02  X   Y   65
126.741   2.531  35.0  275.0  85.0  -18.0  5.95  X   Y   66
126.192   1.384  44.8  220.0  53.0  118.0  6.38  X   Y   67
126.568   1.729  32.6  230.0  72.0  135.0  6.2  X   Y   68
126.46   1.15  37.3  20.0  43.0  55.0  5.4  X   Y   69
126.199   0.886  36.6  34.0  51.0  91.0  6.2  X   Y   70
126.501   2.184  46.2  215.0  57.0  98.0  6.06  X   Y   71
126.769   3.585  25.0  176.0  32.0  90.0  5.15  X   Y   72
126.521   3.941  28.4  127.0  21.0  30.0  5.32  X   Y   73
126.166   0.591  41.0  354.0  46.0  64.0  5.27  X   Y   74
126.51   2.63  15.0  331.0  39.0  87.0  5.3  X   Y   75
125.93   0.04  20.4  230.0  24.0  118.0  5.8  X   Y   76
125.106   -0.177  43.0  17.0  62.0  72.0  6.06  X   Y   77
125.78   -0.24  18.6  232.0  33.0  121.0  6.1  X   Y   78
124.92   -0.243  40.0  21.0  71.0  75.0  6.26  X   Y   79
125.68   -0.14  15.0  240.0  24.0  126.0  6.3  X   Y   80
125.11   0.032  41.0  34.0  60.0  83.0  5.62  X   Y   81
124.955   -0.155  24.6  31.0  64.0  82.0  5.62  X   Y   82
125.62   0.05  49.3  229.0  28.0  106.0  5.6  X   Y   83
126.721   3.874  27.0  17.0  54.0  113.0  5.65  X   Y   84
126.641   3.875  30.0  3.0  60.0  89.0  5.63  X   Y   85
126.874   3.148  27.1  234.0  69.0  -46.0  5.65  X   Y   86
125.102   -0.292  49.5  10.0  61.0  39.0  5.56  X   Y   87
126.475   4.226  35.8  200.0  48.0  97.0  5.92  X   Y   88
126.98   4.33  18.1  10.0  42.0  82.0  5.9  X   Y   89
126.589   4.236  36.7  200.0  42.0  109.0  5.32  X   Y   90
122.141   -0.297  20.0  176.0  87.0  9.0  5.52  X   Y   91
125.81   2.11  15.0  210.0  32.0  2.0  5.4  X   Y   92
126.8   2.035  44.7  318.0  75.0  68.0  5.88  X   Y   93
126.517   1.591  15.0  34.0  45.0  116.0  5.23  X   Y   94
126.1   2.66  18.6  34.0  45.0  116.0  5.2  X   Y   95
126.564   2.424  30.0  210.0  59.0  92.0  7.1  X   Y   96
126.655   2.48  30.0  43.0  56.0  121.0  5.9  X   Y   97
126.737   2.511  30.0  244.0  65.0  115.0  5.62  X   Y   98
126.645   2.518  30.0  231.0  66.0  100.0  5.78  X   Y   99
126.564   2.438  30.0  23.0  47.0  72.0  5.77  X   Y   100
126.732   2.423  15.0  182.0  88.0  106.0  5.54  X   Y   101
126.77   2.33  15.0  4.0  19.0  54.0  5.3  X   Y   102
126.95   3.21  36.9  16.0  39.0  66.0  5.4  X   Y   103
126.329   0.484  15.0  345.0  58.0  63.0  5.54  X   Y   104
126.873   2.411  42.2  161.0  82.0  84.0  5.47  X   Y   105
124.924   -0.053  35.0  11.0  74.0  77.0  5.85  X   Y   106
126.181   1.166  34.9  222.0  46.0  101.0  6.03  X   Y   107
126.72   2.46  24.3  232.0  47.0  134.0  5.2  X   Y   108
120.139   1.076  29.0  260.0  69.0  114.0  5.52  X   Y   109
126.43   3.07  33.3  163.0  22.0  56.0  5.4  X   Y   110
126.672   0.053  35.0  355.0  17.0  85.0  5.41  X   Y   111
126.09   -0.04  33.0  355.0  17.0  85.0  5.4  X   Y   112
126.49   2.81  15.0  323.0  27.0  69.0  5.4  X   Y   113
126.788   2.644  35.0  315.0  80.0  57.0  5.61  X   Y   114
126.0   0.96  36.0  222.0  32.0  97.0  5.2  X   Y   115
126.54   1.0  39.4  334.0  72.0  4.0  6.0  X   Y   116
126.052   1.032  45.8  24.0  59.0  121.0  5.98  X   Y   117
126.562   2.099  49.0  206.0  59.0  110.0  5.57  X   Y   118
126.57   4.91  46.7  47.0  55.0  140.0  5.3  X   Y   119
126.42   4.77  48.4  207.0  33.0  111.0  5.7  X   Y   120
126.806   3.635  15.7  195.0  51.0  177.0  5.12  X   Y   121
122.68   -0.47  33.0  229.0  41.0  -156.0  5.1  X   Y   122
120.09   0.964  29.6  16.0  21.0  21.0  5.23  X   Y   123
125.53   0.91  45.6  213.0  20.0  102.0  5.1  X   Y   124
126.92   0.93  15.0  157.0  68.0  -14.0  5.3  X   Y   125
126.107   0.39  36.9  1.0  53.0  53.0  6.21  X   Y   126
126.042   0.579  40.0  355.0  49.0  63.0  6.34  X   Y   127
126.834   2.134  35.0  295.0  88.0  85.0  5.8  X   Y   128
126.58   2.56  39.9  32.0  36.0  92.0  5.3  X   Y   129
126.111   0.606  45.2  223.0  52.0  114.0  5.74  X   Y   130
126.354   1.642  20.0  11.0  41.0  -87.0  5.09  X   Y   131
126.64   2.74  38.5  28.0  32.0  102.0  5.4  X   Y   132
126.678   3.599  15.0  7.0  25.0  133.0  5.3  X   Y   133
126.456   3.517  25.4  350.0  14.0  106.0  5.38  X   Y   134
126.88   2.43  31.4  1.0  39.0  52.0  5.3  X   Y   135
126.96   3.22  19.0  197.0  6.0  121.0  5.9  X   Y   136
125.89   -0.331  48.7  85.0  78.0  96.0  5.5  X   Y   137
125.64   -0.05  45.8  223.0  23.0  98.0  5.5  X   Y   138
125.991   1.104  42.7  43.0  30.0  136.0  5.4  X   Y   139
126.641   2.614  40.0  205.0  80.0  81.0  5.68  X   Y   140
119.699   -1.562  25.0  160.0  83.0  19.0  5.67  X   Y   141
119.5   -1.6  31.0  68.0  72.0  173.0  5.1  X   Y   142
120.08   -1.17  48.4  68.0  72.0  173.0  5.7  X   Y   143
125.7   1.01  15.5  343.0  13.0  -126.0  5.3  X   Y   144
126.43   1.69  43.8  180.0  28.0  76.0  5.2  X   Y   145
124.891   0.098  45.0  28.0  61.0  82.0  5.67  X   Y   146
125.29   -0.13  49.2  224.0  30.0  103.0  5.7  X   Y   147
124.3   -1.0  34.0  309.0  10.0  127.0  5.8  X   Y   148
126.87   2.83  47.4  51.0  44.0  82.0  4.9  X   Y   149
120.356   0.802  37.2  285.0  56.0  -18.0  5.43  X   Y   150
125.898   0.591  20.0  173.0  80.0  79.0  6.91  X   Y   151
125.785   0.62  17.2  183.0  81.0  84.0  6.73  X   Y   152
125.71   0.63  16.6  35.0  11.0  122.0  6.7  X   Y   153
125.88   0.359  25.0  209.0  57.0  102.0  5.89  X   Y   154
125.81   0.358  25.0  181.0  64.0  103.0  5.88  X   Y   155
126.176   0.513  46.7  334.0  44.0  -85.0  5.41  X   Y   156
125.87   1.19  15.0  334.0  44.0  -85.0  5.4  X   Y   157
126.454   1.996  28.7  206.0  78.0  -83.0  5.98  X   Y   158
125.92   2.23  15.0  356.0  13.0  -119.0  6.0  X   Y   159
123.3   -0.7  40.0  266.0  31.0  154.0  5.1  X   Y   160
126.072   0.592  35.0  213.0  69.0  132.0  5.63  X   Y   161
126.1   1.7  38.0  34.0  36.0  74.0  5.2  X   Y   162
126.32   2.44  44.5  34.0  36.0  74.0  5.5  X   Y   163
124.1   -0.4  35.0  180.0  38.0  12.0  5.5  X   Y   164
120.8   2.0  39.0  39.0  73.0  -3.0  5.1  X   Y   165
120.858   1.965  30.0  130.0  88.0  -163.0  5.65  X   Y   166
126.505   1.64  40.8  66.0  46.0  115.0  5.11  X   Y   167
126.74   2.26  39.0  66.0  46.0  115.0  5.1  X   Y   168
126.17   1.38  49.3  330.0  57.0  31.0  5.9  X   Y   169
126.841   2.557  46.3  153.0  63.0  83.0  6.21  X   Y   170
121.1   -1.6  50.0  142.0  74.0  16.0  5.2  X   Y   171
120.2   -1.1  30.0  129.0  29.0  -58.0  5.8  X   Y   172
126.98   3.17  38.3  207.0  17.0  136.0  5.3  X   Y   173
126.722   4.254  43.9  26.0  54.0  96.0  5.69  X   Y   174
126.85   4.22  43.3  196.0  37.0  82.0  5.7  X   Y   175
126.191   0.906  28.4  151.0  41.0  54.0  5.15  X   Y   176
126.0   0.5  43.0  218.0  48.0  114.0  5.4  X   Y   177
126.706   3.598  40.3  14.0  48.0  116.0  6.23  X   Y   178
126.807   3.46  21.6  18.0  26.0  139.0  5.13  X   Y   179
126.862   3.563  23.3  349.0  59.0  82.0  5.63  X   Y   180
119.963   0.741  33.5  252.0  85.0  94.0  7.87  X   Y   181
120.2   0.3  21.0  36.0  6.0  54.0  5.5  X   Y   182
119.93   0.74  15.0  36.0  6.0  54.0  7.9  X   Y   183
119.3   1.0  33.0  165.0  72.0  161.0  4.7  X   Y   184
119.965   0.722  35.0  165.0  72.0  161.0  5.43  X   Y   185
119.88   0.66  26.7  53.0  57.0  -8.0  5.5  X   Y   186
125.0   0.08  40.1  202.0  28.0  78.0  5.0  X   Y   187
120.169   0.937  36.7  148.0  20.0  124.0  5.28  X   Y   188
119.621   0.489  30.7  235.0  86.0  34.0  5.61  X   Y   189
120.162   0.945  21.6  257.0  77.0  95.0  5.7  X   Y   190
120.158   1.05  14.9  257.0  76.0  94.0  6.02  X   Y   191
126.501   3.021  45.6  17.0  69.0  92.0  5.88  X   Y   192
126.201   3.04  32.8  206.0  74.0  101.0  5.89  X   Y   193
120.373   1.072  29.9  58.0  22.0  66.0  5.44  X   Y   194
126.236   3.077  30.5  221.0  65.0  95.0  5.58  X   Y   195
126.35   3.6  37.6  30.0  26.0  80.0  5.6  X   Y   196
126.1   3.3  33.0  354.0  24.0  43.0  5.2  X   Y   197
126.5   1.9  33.0  200.0  36.0  109.0  5.5  X   Y   198
126.551   1.579  32.6  357.0  56.0  77.0  6.02  X   Y   199
120.24   1.036  25.0  262.0  76.0  95.0  6.56  X   Y   200
120.26   0.86  0.0  63.0  14.0  71.0  6.0  X   Y   201
120.35   1.27  21.0  63.0  14.0  71.0  6.5  X   Y   202
120.458   1.027  28.4  264.0  77.0  96.0  6.98  X   Y   203
120.561   1.161  28.1  70.0  25.0  68.0  5.38  X   Y   204
120.5   0.9  33.0  70.0  25.0  68.0  5.6  X   Y   205
120.219   0.971  28.6  256.0  75.0  95.0  5.93  X   Y   206
120.2   1.0  33.0  57.0  16.0  71.0  6.3  X   Y   207
120.35   1.36  20.0  57.0  16.0  71.0  5.9  X   Y   208
120.97   1.79  33.0  47.0  24.0  38.0  5.1  X   Y   209
125.078   -0.108  47.4  31.0  65.0  79.0  6.0  X   Y   210
125.1   0.3  28.0  145.0  50.0  -47.0  6.4  X   Y   211
124.995   -0.184  41.6  270.0  56.0  -129.0  5.67  X   Y   212
120.197   1.008  27.3  40.0  21.0  50.0  5.26  X   Y   213
120.26   1.69  43.4  40.0  21.0  50.0  5.3  X   Y   214
120.453   0.332  28.5  200.0  63.0  -102.0  5.66  X   Y   215
120.243   1.02  34.3  257.0  74.0  97.0  5.79  X   Y   216
120.32   1.43  18.0  52.0  17.0  66.0  5.8  X   Y   217
120.109   1.026  29.5  95.0  21.0  82.0  5.17  X   Y   218
120.58   1.75  33.0  95.0  21.0  82.0  5.2  X   Y   219
126.461   0.902  33.0  59.0  32.0  111.0  5.32  X   Y   220
120.668   1.194  30.0  267.0  88.0  93.0  5.59  X   Y   221
126.312   0.379  40.0  24.0  49.0  88.0  5.74  X   Y   222
125.3   -0.2  31.0  235.0  18.0  123.0  5.6  X   Y   223
126.352   3.976  40.9  213.0  40.0  106.0  5.13  X   Y   224
126.9   4.17  40.9  213.0  40.0  106.0  5.1  X   Y   225
126.3   0.4  35.0  187.0  34.0  41.0  4.6  X   Y   226
126.53   0.54  29.8  187.0  34.0  41.0  5.3  X   Y   227
126.364   4.02  29.8  278.0  18.0  -128.0  5.31  X   Y   228
125.31   -0.02  37.3  208.0  19.0  80.0  5.3  X   Y   229
125.411   0.398  50.0  29.0  73.0  82.0  5.75  X   Y   230
120.33   -1.95  42.1  287.0  46.0  -59.0  5.4  X   Y   231
121.7   -0.9  36.0  322.0  86.0  2.0  5.2  X   Y   232
124.4   -1.13  35.3  313.0  65.0  27.0  5.1  X   Y   233
126.5   2.5  33.0  23.0  35.0  89.0  4.9  X   Y   234
126.529   2.195  41.5  205.0  55.0  91.0  6.02  X   Y   235
126.2   2.4  33.0  294.0  62.0  169.0  5.1  X   Y   236
124.61   -1.19  34.5  206.0  81.0  175.0  5.5  X   Y   237
124.02   -0.883  49.4  297.0  85.0  9.0  5.52  X   Y   238
126.5   2.8  33.0  32.0  26.0  122.0  5.6  X   Y   239
126.56   2.42  47.9  81.0  18.0  44.0  5.4  X   Y   240
126.97   3.9  27.7  251.0  69.0  166.0  5.1  X   Y   241
119.563   0.268  30.0  207.0  72.0  28.0  6.61  X   Y   242
126.13   1.67  34.8  244.0  21.0  105.0  5.3  X   Y   243
120.99   1.8  38.3  268.0  69.0  -3.0  5.0  X   Y   244
126.45   1.69  37.3  215.0  19.0  100.0  5.2  X   Y   245
122.7   -0.6  34.0  166.0  56.0  147.0  4.8  X   Y   246
125.019   -0.086  50.0  34.0  63.0  78.0  6.11  X   Y   247
126.3   3.94  15.0  307.0  37.0  73.0  5.1  X   Y   248
126.332   3.819  17.5  313.0  30.0  74.0  6.12  X   Y   249
119.8   -0.3  33.0  359.0  34.0  41.0  6.0  X   Y   250
120.1   -0.8  28.0  355.0  31.0  35.0  5.5  X   Y   251
120.55   0.32  30.3  355.0  31.0  35.0  6.0  X   Y   252
125.848   0.902  35.0  148.0  84.0  13.0  6.49  X   Y   253
125.8   0.4  10.0  48.0  69.0  -165.0  5.0  X   Y   254
126.113   0.797  41.8  327.0  54.0  16.0  5.01  X   Y   255
126.472   1.696  43.4  239.0  65.0  90.0  5.51  X   Y   256
126.51   2.51  33.6  59.0  25.0  90.0  5.5  X   Y   257
126.174   1.331  35.3  201.0  37.0  77.0  6.55  X   Y   258
125.9   0.4  0.0  183.0  65.0  22.0  5.1  X   Y   259
126.6   3.0  0.0  78.0  28.0  168.0  5.1  X   Y   260
126.72   1.58  25.1  78.0  28.0  168.0  5.2  X   Y   261
126.153   1.184  30.0  126.0  87.0  88.0  5.56  X   Y   262
126.106   1.241  39.2  165.0  66.0  47.0  6.13  X   Y   263
126.081   1.221  21.7  190.0  37.0  67.0  5.17  X   Y   264
126.91   4.4  44.0  185.0  29.0  67.0  5.3  X   Y   265
126.68   2.94  47.2  31.0  27.0  89.0  5.4  X   Y   266
119.568   0.295  36.8  15.0  87.0  -16.0  5.47  X   Y   267
126.84   3.33  48.4  177.0  28.0  74.0  5.4  X   Y   268
120.0   1.2  16.0  49.0  19.0  56.0  5.0  X   Y   269
123.1   -0.5  45.0  226.0  29.0  67.0  5.4  X   Y   270
121.496   -0.381  42.0  93.0  58.0  -31.0  5.44  X   Y   271
126.61   4.09  24.6  149.0  19.0  28.0  5.3  X   Y   272
126.49   4.09  17.2  298.0  23.0  45.0  5.5  X   Y   273
126.52   2.44  36.1  259.0  34.0  82.0  5.0  X   Y   274
126.49   2.73  31.3  22.0  39.0  -1.0  5.2  X   Y   275
126.96   2.97  41.8  76.0  51.0  152.0  5.2  X   Y   276
125.46   0.31  41.3  231.0  29.0  141.0  5.1  X   Y   277
126.2   0.3  28.0  248.0  55.0  135.0  5.0  X   Y   278
125.997   0.632  40.0  189.0  53.0  85.0  5.97  X   Y   279
126.0   0.3  35.0  87.0  8.0  -169.0  4.8  X   Y   280
126.165   0.551  25.0  18.0  77.0  -93.0  5.66  X   Y   281
126.212   1.359  37.2  23.0  30.0  104.0  5.43  X   Y   282
126.76   -0.28  12.0  23.0  30.0  104.0  5.1  X   Y   283
126.38   1.52  37.2  23.0  30.0  104.0  5.4  X   Y   284
126.248   0.955  23.4  21.0  42.0  90.0  5.45  X   Y   285
120.84   1.219  30.0  45.0  37.0  -76.0  5.31  X   Y   286
120.165   1.033  15.0  262.0  76.0  97.0  5.52  X   Y   287
126.53   0.02  33.0  295.0  22.0  3.0  5.8  X   Y   288
126.38   1.454  32.7  193.0  28.0  68.0  5.09  X   Y   289
126.33   1.16  33.0  193.0  28.0  68.0  4.4  X   Y   290
121.45   -0.99  33.0  124.0  8.0  -49.0  5.1  X   Y   291
121.88   -1.01  33.0  124.0  8.0  -49.0  5.4  X   Y   292
119.95   -0.49  20.0  108.0  54.0  -150.0  4.5  X   Y   293
120.25   -0.62  27.2  108.0  54.0  -150.0  5.4  X   Y   294
126.22   1.85  33.0  4.0  28.0  31.0  4.9  X   Y   295
126.52   2.835  38.1  10.0  71.0  98.0  5.48  X   Y   296
125.76   0.83  33.0  165.0  20.0  66.0  4.7  X   Y   297
126.265   1.428  35.0  32.0  49.0  100.0  7.04  X   Y   298
126.48   0.63  33.0  197.0  42.0  78.0  4.5  X   Y   299
126.42   1.55  42.8  197.0  42.0  78.0  7.0  X   Y   300
126.218   1.574  35.0  65.0  59.0  127.0  5.75  X   Y   301
126.444   1.645  30.0  50.0  55.0  131.0  6.18  X   Y   302
126.308   1.325  38.5  211.0  42.0  98.0  5.4  X   Y   303
121.12   -1.09  33.0  211.0  42.0  98.0  4.3  X   Y   304
126.37   1.45  28.2  225.0  29.0  90.0  5.2  X   Y   305
126.272   1.436  15.0  68.0  30.0  171.0  5.32  X   Y   306
121.88   -0.93  15.0  318.0  47.0  -35.0  5.1  X   Y   307
125.17   0.47  33.0  269.0  28.0  139.0  4.8  X   Y   308
126.24   2.56  33.0  197.0  34.0  67.0  5.4  X   Y   309
126.328   1.508  35.0  44.0  60.0  105.0  5.67  X   Y   310
126.942   2.78  35.0  28.0  63.0  91.0  5.81  X   Y   311
126.92   2.7  42.2  349.0  80.0  -11.0  5.2  X   Y   312
125.73   0.61  30.0  43.0  60.0  157.0  5.1  X   Y   313
126.551   1.086  10.0  175.0  24.0  51.0  5.08  X   Y   314
126.461   1.058  25.6  174.0  49.0  56.0  5.01  X   Y   315
126.358   1.079  30.0  202.0  46.0  103.0  6.07  X   Y   316
126.44   1.14  21.0  4.0  45.0  77.0  5.7  X   Y   317
126.56   1.34  31.7  4.0  45.0  77.0  6.1  X   Y   318
126.056   1.212  42.7  346.0  46.0  41.0  5.22  X   Y   319
125.848   0.878  15.0  313.0  11.0  -177.0  5.22  X   Y   320
125.1   -0.4  33.0  278.0  29.0  113.0  4.9  X   Y   321
125.884   0.872  25.0  177.0  72.0  59.0  5.95  X   Y   322
126.56   4.121  24.9  357.0  37.0  37.0  5.18  X   Y   323
126.476   1.837  20.0  202.0  59.0  75.0  5.7  X   Y   324
126.549   3.561  31.2  177.0  27.0  59.0  5.34  X   Y   325
126.32   1.33  32.7  35.0  36.0  121.0  5.2  X   Y   326
119.0   -1.0  33.0  170.0  50.0  12.0  5.0  X   Y   327
119.901   -1.161  38.3  170.0  50.0  12.0  5.18  X   Y   328
120.51   -1.34  38.3  170.0  50.0  12.0  5.2  X   Y   329
123.4   -0.2  33.0  233.0  56.0  141.0  4.7  X   Y   330
126.67   3.03  33.0  222.0  30.0  -21.0  4.9  X   Y   331
126.361   3.036  40.0  168.0  84.0  -72.0  5.71  X   Y   332
122.5   -0.7  21.0  221.0  64.0  175.0  5.3  X   Y   333
120.215   -1.776  23.0  221.0  64.0  175.0  5.05  X   Y   334
119.41   -1.11  35.0  100.0  37.0  -165.0  4.7  X   Y   335
119.836   0.692  35.0  100.0  37.0  -165.0  5.13  X   Y   336
125.33   1.1  33.0  228.0  23.0  108.0  5.4  X   Y   337
126.674   3.598  17.6  175.0  20.0  79.0  5.15  X   Y   338
126.847   3.372  37.4  14.0  34.0  109.0  4.97  X   Y   339
126.835   3.427  19.8  180.0  21.0  102.0  5.27  X   Y   340
126.911   3.454  28.1  184.0  11.0  66.0  5.19  X   Y   341
126.89   3.98  28.1  184.0  11.0  66.0  5.2  X   Y   342
126.782   3.41  15.0  175.0  8.0  90.0  5.18  X   Y   343
123.19   -0.598  39.1  36.0  43.0  21.0  5.08  X   Y   344
125.8   0.86  33.0  170.0  34.0  24.0  5.1  X   Y   345
125.92   0.28  31.8  170.0  34.0  24.0  5.1  X   Y   346
125.985   0.898  31.8  170.0  34.0  24.0  5.14  X   Y   347
126.57   2.47  27.3  196.0  36.0  44.0  5.0  X   Y   348
126.519   4.1  27.7  16.0  31.0  83.0  5.17  X   Y   349
126.472   4.09  28.0  20.0  43.0  90.0  5.09  X   Y   350
126.534   4.137  37.3  353.0  48.0  50.0  5.2  X   Y   351
126.76   3.44  33.0  353.0  48.0  50.0  4.6  X   Y   352
126.54   4.18  48.8  9.0  39.0  90.0  5.0  X   Y   353
119.39   -0.92  21.0  9.0  20.0  49.0  5.0  X   Y   354
119.61   -1.545  35.8  9.0  20.0  49.0  5.24  X   Y   355
119.833   0.454  17.0  84.0  71.0  -141.0  5.86  X   Y   356
120.191   -1.485  15.0  271.0  34.0  -97.0  5.31  X   Y   357
120.45   -0.95  15.0  271.0  34.0  -97.0  5.3  X   Y   358
126.052   0.958  41.4  330.0  39.0  43.0  5.33  X   Y   359
126.236   1.026  27.2  265.0  36.0  -178.0  5.28  X   Y   360
123.963   -0.012  24.6  199.0  50.0  -5.0  5.13  X   Y   361
126.13   1.347  47.9  170.0  25.0  55.0  5.04  X   Y   362
121.361   -1.314  20.0  210.0  52.0  112.0  6.16  X   Y   363
121.3   -1.26  15.0  357.0  43.0  65.0  6.2  X   Y   364
126.35   1.739  37.5  221.0  38.0  91.0  5.28  X   Y   365
126.94   2.69  38.0  193.0  30.0  58.0  5.2  X   Y   366
126.372   1.473  30.0  215.0  75.0  -95.0  5.89  X   Y   367
126.363   0.875  25.0  191.0  58.0  66.0  5.55  X   Y   368
126.38   0.41  44.0  51.0  39.0  123.0  5.9  X   Y   369
126.46   1.01  34.4  51.0  39.0  123.0  5.5  X   Y   370
121.95   -0.87  33.0  294.0  46.0  -110.0  5.4  X   Y   371
122.018   -0.733  20.1  327.0  40.0  -98.0  5.17  X   Y   372
126.91   3.07  42.3  183.0  21.0  77.0  5.3  X   Y   373
125.67   -0.04  45.0  246.0  27.0  117.0  5.4  X   Y   374
124.15   -0.17  39.0  176.0  36.0  89.0  5.1  X   Y   375
120.438   1.089  41.8  281.0  75.0  83.0  5.49  X   Y   376
121.03   1.51  41.8  125.0  17.0  113.0  5.5  X   Y   377
123.424   -0.683  41.4  91.0  74.0  -175.0  5.07  X   Y   378
123.97   -0.81  41.4  91.0  74.0  -175.0  5.1  X   Y   379
126.3   0.8  21.0  44.0  43.0  113.0  5.8  X   Y   380
126.249   0.893  43.1  44.0  43.0  113.0  5.16  X   Y   381
126.83   1.36  15.0  127.0  15.0  45.0  5.2  X   Y   382
123.11   -0.41  33.0  171.0  51.0  52.0  5.3  X   Y   383
124.63   -0.17  31.0  96.0  54.0  20.0  5.8  X   Y   384
126.54   0.41  37.0  63.0  39.0  165.0  5.5  X   Y   385
126.41   0.28  42.0  14.0  32.0  99.0  5.4  X   Y   386
125.29   -0.44  26.0  14.0  32.0  99.0  4.8  X   Y   387
126.72   2.57  42.4  61.0  26.0  134.0  5.3  X   Y   388
125.99   0.57  50.0  2.0  43.0  70.0  6.2  X   Y   389
126.963   2.064  30.0  298.0  84.0  85.0  5.8  X   Y   390
126.852   2.003  37.6  111.0  87.0  -85.0  5.6  X   Y   391
126.417   1.586  31.0  1.0  54.0  80.0  6.2  X   Y   392
126.09   1.21  20.0  28.0  36.0  107.0  5.5  X   Y   393
126.35   4.0  25.3  132.0  86.0  -3.0  5.2  X   Y   394
126.648   2.128  35.3  211.0  54.0  88.0  5.48  X   Y   395
124.852   -0.116  25.0  19.0  73.0  68.0  5.56  X   Y   396
126.83   3.66  49.6  97.0  52.0  5.0  4.8  X   Y   397
126.8   2.0  33.0  354.0  43.0  44.0  5.2  X   Y   398
125.94   0.56  35.4  8.0  35.0  78.0  5.1  X   Y   399
123.36   -0.64  33.0  281.0  47.0  121.0  5.5  X   Y   400
126.14   0.59  30.4  227.0  58.0  -2.0  4.9  X   Y   401
126.21   1.41  23.6  273.0  35.0  -109.0  4.8  X   Y   402
126.63   -0.19  20.8  105.0  41.0  -53.0  4.9  X   Y   403
126.721   3.569  27.0  141.0  18.0  37.0  5.27  X   Y   404
125.09   -0.34  41.0  248.0  36.0  125.0  5.1  X   Y   405
120.231   0.946  22.0  272.0  16.0  -59.0  5.13  X   Y   406
120.145   0.959  30.6  44.0  18.0  61.0  5.09  X   Y   407
119.57   -0.96  26.5  351.0  63.0  -21.0  4.9  X   Y   408
121.8   -1.26  42.0  24.0  35.0  17.0  4.7  X   Y   409
125.1   -0.33  30.2  256.0  39.0  138.0  5.1  X   Y   410
126.66   2.39  16.0  204.0  22.0  -158.0  5.2  X   Y   411
125.7   1.8  33.0  147.0  72.0  172.0  4.5  X   Y   412
125.841   1.281  35.0  141.0  86.0  93.0  5.47  X   Y   413
126.718   3.678  14.9  169.0  37.0  53.0  5.22  X   Y   414
120.043   -1.101  15.0  76.0  52.0  -151.0  5.26  X   Y   415
120.013   -1.19  10.0  321.0  61.0  -59.0  6.24  X   Y   416
123.9   -0.2  14.9  150.0  49.0  46.0  5.0  X   Y   417
125.883   0.928  31.8  351.0  32.0  73.0  5.24  X   Y   418
125.4   -0.6  33.0  351.0  32.0  73.0  4.9  X   Y   419
126.429   2.637  25.8  354.0  54.0  119.0  5.83  X   Y   420
126.203   1.131  15.0  358.0  9.0  48.0  5.12  X   Y   421
126.14   0.48  32.7  342.0  72.0  14.0  5.1  X   Y   422
120.62   -1.04  28.1  90.0  44.0  -91.0  4.8  X   Y   423
126.528   2.932  35.0  4.0  62.0  83.0  5.91  X   Y   424
126.71   2.98  45.3  202.0  32.0  107.0  5.3  X   Y   425
126.145   1.046  31.3  254.0  50.0  128.0  5.29  X   Y   426
120.0   1.5  33.0  116.0  68.0  -21.0  4.7  X   Y   427
126.561   2.151  30.0  204.0  52.0  88.0  5.94  X   Y   428
126.72   2.48  38.2  54.0  44.0  134.0  4.9  X   Y   429
126.585   2.742  45.0  167.0  74.0  58.0  5.9  X   Y   430
126.52   2.9  25.4  326.0  58.0  -3.0  5.4  X   Y   431
126.56   2.97  26.1  51.0  40.0  148.0  5.3  X   Y   432
119.998   -1.227  10.0  320.0  64.0  -53.0  5.88  X   Y   433
126.45   2.64  31.4  180.0  45.0  106.0  4.9  X   Y   434
125.131   -0.164  35.0  16.0  81.0  68.0  5.83  X   Y   435
126.68   2.73  29.4  201.0  35.0  113.0  5.0  X   Y   436
125.1   -0.41  30.7  147.0  32.0  112.0  4.9  X   Y   437
126.69   2.82  31.4  44.0  44.0  140.0  5.2  X   Y   438
126.43   2.94  31.8  339.0  36.0  90.0  5.0  X   Y   439
126.85   2.65  36.2  16.0  73.0  180.0  4.8  X   Y   440
126.23   1.74  37.4  342.0  58.0  16.0  5.1  X   Y   441
126.184   0.799  50.0  197.0  54.0  91.0  5.67  X   Y   442
126.67   2.19  30.7  255.0  38.0  -125.0  5.3  X   Y   443
124.6   -0.8  33.0  259.0  31.0  140.0  5.2  X   Y   444
124.732   -0.196  30.0  24.0  71.0  65.0  6.35  X   Y   445
119.94   -0.24  12.0  89.0  75.0  -170.0  5.0  X   Y   446
125.56   1.67  10.0  54.0  34.0  135.0  5.2  X   Y   447
124.05   -0.64  13.9  14.0  35.0  -5.0  5.0  X   Y   448
126.65   3.8  35.0  123.0  48.0  45.0  5.1  X   Y   449
126.405   3.822  40.0  283.0  68.0  -42.0  6.12  X   Y   450
126.41   3.78  45.0  171.0  8.0  73.0  5.4  X   Y   451
124.796   -0.224  35.0  22.0  72.0  56.0  6.29  X   Y   452
125.92   -0.24  31.4  267.0  38.0  149.0  6.3  X   Y   453
126.374   1.536  25.0  179.0  63.0  49.0  5.58  X   Y   454
123.294   -0.372  30.0  163.0  59.0  35.0  6.3  X   Y   455
123.31   -0.448  36.2  178.0  52.0  51.0  5.05  X   Y   456
119.695   0.231  35.0  351.0  45.0  -94.0  5.22  X   Y   457
124.96   -0.17  21.0  246.0  30.0  119.0  5.8  X   Y   458
123.248   -0.397  35.7  168.0  55.0  37.0  5.95  X   Y   459
123.54   -0.49  31.0  168.0  55.0  37.0  5.1  X   Y   460
123.23   -0.41  45.0  21.0  43.0  107.0  5.0  X   Y   461
126.219   1.697  35.6  32.0  36.0  103.0  5.07  X   Y   462
125.12   -0.35  36.0  223.0  33.0  56.0  5.8  X   Y   463
125.178   -0.364  36.0  81.0  63.0  110.0  5.77  X   Y   464
125.09   -0.31  35.0  255.0  26.0  86.0  5.1  X   Y   465
125.06   -0.27  36.0  213.0  26.0  54.0  6.1  X   Y   466
124.83   -0.18  35.0  238.0  34.0  82.0  5.7  X   Y   467
126.527   4.18  28.5  11.0  42.0  87.0  5.41  X   Y   468
126.74   4.25  28.0  9.0  43.0  83.0  4.9  X   Y   469
126.84   4.29  28.5  217.0  42.0  109.0  4.9  X   Y   470
126.44   3.92  12.0  170.0  25.0  69.0  5.3  X   Y   471
126.79   2.34  35.0  9.0  36.0  96.0  5.5  X   Y   472
126.78   2.32  36.0  6.0  42.0  101.0  5.6  X   Y   473
126.67   2.62  35.0  67.0  49.0  -60.0  5.2  X   Y   474
121.87   -0.56  22.2  166.0  85.0  -2.0  4.9  X   Y   475
126.285   1.127  22.0  193.0  57.0  78.0  7.47  X   Y   476
126.21   1.19  22.2  34.0  35.0  108.0  7.5  X   Y   477
126.364   1.055  20.0  203.0  49.0  81.0  6.18  X   Y   478
126.023   1.071  30.9  158.0  57.0  33.0  5.34  X   Y   479
126.279   0.978  14.0  153.0  40.0  -98.0  5.07  X   Y   480
126.304   1.009  33.6  23.0  33.0  88.0  5.44  X   Y   481
126.33   1.21  33.6  23.0  33.0  88.0  5.4  X   Y   482
126.211   0.911  37.8  159.0  44.0  73.0  5.44  X   Y   483
126.287   0.948  24.2  39.0  45.0  101.0  5.18  X   Y   484
126.41   0.45  28.3  216.0  43.0  106.0  5.3  X   Y   485
126.45   1.138  28.0  49.0  42.0  124.0  5.2  X   Y   486
126.121   1.226  28.7  212.0  42.0  112.0  5.47  X   Y   487
126.001   1.005  15.0  181.0  77.0  88.0  5.6  X   Y   488
126.169   1.113  28.1  140.0  36.0  72.0  5.38  X   Y   489
126.502   1.301  31.8  200.0  31.0  86.0  4.99  X   Y   490
126.592   1.25  23.6  208.0  30.0  102.0  5.52  X   Y   491
126.9   1.27  23.6  208.0  30.0  102.0  5.5  X   Y   492
126.186   1.233  20.0  188.0  56.0  82.0  5.65  X   Y   493
126.637   1.175  21.3  211.0  29.0  113.0  5.56  X   Y   494
126.364   1.064  20.0  47.0  55.0  108.0  5.85  X   Y   495
126.143   1.384  25.0  358.0  12.0  70.0  5.39  X   Y   496
125.95   1.64  15.0  358.0  12.0  70.0  5.4  X   Y   497
126.328   1.181  39.5  20.0  43.0  83.0  5.4  X   Y   498
126.34   1.3  39.5  20.0  43.0  83.0  5.4  X   Y   499
126.18   0.92  18.0  339.0  38.0  -63.0  4.9  X   Y   500
126.14   0.82  18.6  299.0  25.0  -86.0  4.9  X   Y   501
126.87   3.28  37.8  184.0  25.0  79.0  5.0  X   Y   502
126.802   -0.014  40.0  177.0  85.0  92.0  5.89  X   Y   503
126.275   1.185  33.8  348.0  35.0  53.0  5.33  X   Y   504
127.0   4.32  44.0  170.0  46.0  52.0  5.4  X   Y   505
126.9   4.25  28.1  20.0  41.0  101.0  5.1  X   Y   506
126.984   4.168  18.9  22.0  49.0  121.0  5.15  X   Y   507
126.328   1.209  35.0  12.0  47.0  80.0  6.23  X   Y   508
125.94   0.852  30.4  75.0  74.0  -173.0  5.49  X   Y   509
126.25   0.68  40.0  213.0  46.0  116.0  5.1  X   Y   510
126.361   1.204  31.3  213.0  46.0  116.0  5.29  X   Y   511
124.57   -0.47  50.0  237.0  40.0  107.0  5.2  X   Y   512
126.407   1.561  35.0  99.0  88.0  -90.0  5.59  X   Y   513
126.04   0.92  30.0  17.0  42.0  82.0  5.1  X   Y   514
126.448   1.165  50.0  165.0  88.0  33.0  5.66  X   Y   515
126.421   1.147  37.6  19.0  42.0  87.0  4.96  X   Y   516
127.029   2.444  15.0  10.0  81.0  84.0  5.64  X   Y   517
119.43   -1.35  33.0  28.0  19.0  95.0  5.8  X   Y   518
119.546   -1.444  16.1  28.0  19.0  95.0  5.18  X   Y   519
126.14   1.35  30.0  69.0  29.0  124.0  5.0  X   Y   520
126.366   3.827  26.0  319.0  73.0  31.0  6.28  X   Y   521
125.54   0.41  22.7  333.0  20.0  71.0  5.2  X   Y   522
125.91   0.79  23.8  13.0  82.0  4.0  4.4  X   Y   523
126.18   1.49  28.9  13.0  82.0  4.0  5.1  X   Y   524
126.7   2.07  36.1  210.0  41.0  90.0  5.4  X   Y   525
126.463   1.589  30.9  40.0  26.0  113.0  5.2  X   Y   526
126.7   3.12  35.6  207.0  44.0  37.0  4.9  X   Y   527
125.35   -0.27  42.0  244.0  33.0  119.0  5.5  X   Y   528
124.5   -0.3  45.7  241.0  34.0  116.0  5.1  X   Y   529
125.125   -0.223  38.0  36.0  65.0  75.0  5.96  X   Y   530
126.485   1.632  37.3  341.0  61.0  26.0  4.99  X   Y   531
126.65   1.94  29.1  22.0  38.0  129.0  5.2  X   Y   532
126.304   1.005  41.6  40.0  41.0  89.0  5.25  X   Y   533
126.173   0.848  15.0  165.0  67.0  27.0  5.69  X   Y   534
122.742   -0.52  21.8  177.0  63.0  -20.0  5.27  X   Y   535
122.66   -0.62  40.0  177.0  63.0  -20.0  5.8  X   Y   536
119.63   -0.338  35.0  230.0  47.0  125.0  5.04  X   Y   537
126.731   3.876  28.7  206.0  39.0  96.0  4.99  X   Y   538
120.64   0.2  33.0  314.0  35.0  35.0  6.5  X   Y   539
123.05   -0.28  32.0  207.0  44.0  36.0  6.4  X   Y   540
126.651   4.18  22.3  243.0  46.0  135.0  5.18  X   Y   541
126.69   4.23  24.5  353.0  53.0  44.0  5.2  X   Y   542
126.8   1.26  29.0  275.0  58.0  -35.0  5.5  X   Y   543
122.0   -1.48  10.0  119.0  29.0  121.0  5.3  X   Y   544
124.55   0.15  10.0  258.0  50.0  139.0  5.6  X   Y   545
126.541   3.811  25.0  6.0  53.0  96.0  7.12  X   Y   546
126.81   3.92  23.9  177.0  38.0  83.0  7.1  X   Y   547
126.75   3.954  25.0  188.0  46.0  104.0  5.98  X   Y   548
126.669   3.647  25.0  21.0  66.0  123.0  5.91  X   Y   549
126.854   4.061  25.0  2.0  50.0  93.0  5.61  X   Y   550
126.602   4.038  43.8  161.0  36.0  59.0  5.31  X   Y   551
126.632   3.955  26.0  22.0  77.0  115.0  6.03  X   Y   552
126.686   4.046  27.6  155.0  40.0  71.0  5.28  X   Y   553
126.647   3.993  37.8  140.0  40.0  51.0  5.23  X   Y   554
126.937   3.714  25.0  14.0  62.0  103.0  5.64  X   Y   555
126.79   3.956  25.0  346.0  52.0  77.0  5.96  X   Y   556
126.702   4.031  33.9  19.0  52.0  132.0  5.13  X   Y   557
126.615   4.025  27.0  13.0  63.0  116.0  6.25  X   Y   558
126.559   3.952  25.0  22.0  75.0  111.0  5.66  X   Y   559
126.77   4.1  30.9  35.0  47.0  130.0  5.0  X   Y   560
126.656   3.722  21.6  148.0  33.0  30.0  5.16  X   Y   561
126.837   4.087  25.7  180.0  44.0  103.0  5.03  X   Y   562
126.86   4.7  25.7  180.0  44.0  103.0  5.0  X   Y   563
126.732   3.776  40.0  62.0  82.0  151.0  5.59  X   Y   564
126.765   4.123  26.7  14.0  43.0  95.0  5.02  X   Y   565
126.906   3.6  37.1  175.0  25.0  58.0  5.32  X   Y   566
126.461   3.813  24.1  270.0  11.0  166.0  5.41  X   Y   567
126.811   4.129  28.0  213.0  37.0  110.0  5.01  X   Y   568
126.77   4.1  26.3  163.0  38.0  53.0  5.0  X   Y   569
126.703   3.726  30.6  171.0  45.0  55.0  5.18  X   Y   570
126.648   3.844  22.6  225.0  57.0  146.0  5.17  X   Y   571
126.758   3.918  25.4  342.0  64.0  12.0  5.2  X   Y   572
126.612   3.679  32.0  336.0  52.0  59.0  5.98  X   Y   573
126.658   3.704  22.7  164.0  47.0  47.0  5.34  X   Y   574
126.62   3.71  27.0  346.0  48.0  60.0  5.0  X   Y   575
126.68   3.78  28.0  175.0  28.0  86.0  4.9  X   Y   576
126.712   3.695  26.6  207.0  45.0  112.0  5.34  X   Y   577
126.78   4.08  21.6  338.0  45.0  73.0  4.9  X   Y   578
126.653   3.921  24.1  123.0  9.0  52.0  5.34  X   Y   579
126.63   3.92  35.0  194.0  13.0  122.0  5.0  X   Y   580
119.843   -1.105  20.0  309.0  50.0  -87.0  5.56  X   Y   581
126.45   1.73  36.1  262.0  70.0  163.0  4.9  X   Y   582
126.694   3.724  25.0  33.0  69.0  129.0  6.34  X   Y   583
126.742   3.655  25.0  158.0  71.0  71.0  5.66  X   Y   584
126.654   3.664  23.0  164.0  46.0  36.0  5.5  X   Y   585
126.777   3.906  25.6  335.0  56.0  37.0  5.37  X   Y   586
126.753   4.124  35.0  12.0  51.0  98.0  6.08  X   Y   587
126.769   4.181  26.1  183.0  37.0  109.0  5.17  X   Y   588
126.95   4.36  11.0  263.0  7.0  180.0  5.9  X   Y   589
126.94   4.48  26.1  263.0  7.0  180.0  5.5  X   Y   590
126.75   3.87  34.0  25.0  44.0  113.0  5.3  X   Y   591
126.802   4.085  29.1  25.0  44.0  113.0  5.07  X   Y   592
127.009   4.488  45.0  7.0  88.0  87.0  5.75  X   Y   593
125.11   -0.26  15.0  249.0  35.0  116.0  5.3  X   Y   594
126.158   0.958  37.5  86.0  51.0  25.0  5.28  X   Y   595
126.1   1.12  23.0  16.0  28.0  98.0  5.9  X   Y   596
126.765   3.957  20.0  130.0  28.0  23.0  5.27  X   Y   597
126.99   2.94  45.3  80.0  28.0  117.0  5.5  X   Y   598
120.866   1.165  25.0  262.0  68.0  92.0  5.75  X   Y   599
125.96   2.67  30.0  188.0  39.0  83.0  5.6  X   Y   600
126.31   1.36  30.0  214.0  39.0  116.0  5.2  X   Y   601
120.75   1.28  10.0  87.0  24.0  96.0  5.6  X   Y   602
120.975   1.18  38.1  87.0  24.0  96.0  5.16  X   Y   603
126.521   4.129  28.2  204.0  36.0  109.0  5.04  X   Y   604
126.13   0.47  10.0  9.0  40.0  56.0  5.5  X   Y   605
126.18   0.46  19.0  24.0  38.0  70.0  5.2  X   Y   606
126.383   1.244  32.9  12.0  37.0  78.0  4.98  X   Y   607
126.84   3.96  10.0  352.0  40.0  79.0  5.4  X   Y   608
120.0   -0.5  19.9  73.0  65.0  -179.0  4.8  X   Y   609
126.7   3.07  48.6  192.0  28.0  92.0  5.3  X   Y   610
126.69   2.17  10.0  27.0  35.0  108.0  5.4  X   Y   611
126.259   1.009  39.8  58.0  53.0  152.0  5.41  X   Y   612
125.011   -0.128  30.0  86.0  80.0  101.0  6.12  X   Y   613
125.14   -0.17  15.0  267.0  28.0  90.0  5.4  X   Y   614
125.17   -0.4  44.3  267.0  28.0  90.0  5.1  X   Y   615
125.17   -0.25  10.0  244.0  32.0  58.0  5.4  X   Y   616
125.17   -0.29  37.4  244.0  32.0  58.0  5.0  X   Y   617
126.71   3.9  33.9  127.0  56.0  5.0  5.4  X   Y   618
126.61   3.82  23.6  127.0  35.0  9.0  5.3  X   Y   619
122.41   -0.8  10.0  128.0  39.0  -62.0  5.8  X   Y   620
120.09   -1.25  11.0  336.0  68.0  -16.0  5.1  X   Y   621
126.72   4.19  31.2  176.0  27.0  54.0  4.9  X   Y   622
124.69   -0.31  30.0  227.0  29.0  87.0  5.2  X   Y   623
120.062   1.033  20.0  43.0  18.0  63.0  5.13  X   Y   624
126.66   3.77  35.9  229.0  24.0  128.0  5.0  X   Y   625
119.397   -1.478  15.0  348.0  66.0  0.0  5.36  X   Y   626
126.38   1.26  10.0  198.0  43.0  81.0  6.2  X   Y   627
124.68   -0.98  10.0  161.0  34.0  83.0  5.6  X   Y   628
124.84   -0.88  36.2  161.0  34.0  83.0  5.1  X   Y   629
125.29   -0.2  10.0  236.0  29.0  108.0  5.8  X   Y   630
126.35   2.49  10.0  79.0  35.0  133.0  5.5  X   Y   631
126.18   0.55  10.0  196.0  44.0  72.0  5.1  X   Y   632
126.42   1.482  31.2  190.0  44.0  72.0  5.23  X   Y   633
126.44   1.51  31.2  190.0  44.0  72.0  5.2  X   Y   634
124.93   -0.089  50.0  33.0  61.0  77.0  5.65  X   Y   635
119.78   -0.85  23.0  73.0  74.0  -178.0  5.3  X   Y   636
126.715   3.674  15.0  144.0  17.0  24.0  5.26  X   Y   637
126.862   2.032  25.0  226.0  69.0  129.0  5.77  X   Y   638
126.999   3.056  25.0  12.0  73.0  77.0  5.85  X   Y   639
124.59   0.01  10.0  240.0  39.0  110.0  5.1  X   Y   640
123.02   -0.14  35.0  59.0  40.0  126.0  6.1  X   Y   641
125.41   1.0  10.0  80.0  67.0  20.0  5.3  X   Y   642
126.407   1.55  18.2  52.0  28.0  -39.0  5.26  X   Y   643
126.51   2.37  10.0  20.0  80.0  173.0  6.9  X   Y   644
121.77   -0.97  10.0  110.0  48.0  -148.0  5.2  X   Y   645
126.6   3.04  46.1  191.0  41.0  73.0  5.1  X   Y   646
125.35   -0.14  45.0  227.0  36.0  90.0  5.3  X   Y   647
126.35   1.42  10.0  188.0  42.0  97.0  5.2  X   Y   648
126.96   2.2  47.6  78.0  67.0  -8.0  5.0  X   Y   649
121.929   -0.642  17.0  10.0  51.0  -28.0  5.47  X   Y   650
120.39   0.14  41.0  300.0  42.0  26.0  5.9  X   Y   651
119.48   -1.17  10.0  17.0  21.0  72.0  5.6  X   Y   652
119.93   -0.35  12.7  250.0  62.0  -161.0  4.8  X   Y   653
126.81   2.83  47.4  57.0  32.0  -97.0  4.9  X   Y   654
126.52   1.64  30.0  20.0  43.0  81.0  5.0  X   Y   655
126.426   1.182  29.1  7.0  37.0  72.0  5.19  X   Y   656
121.0   1.84  10.0  12.0  57.0  3.0  4.9  X   Y   657
125.377   0.356  45.0  29.0  63.0  75.0  5.72  X   Y   658
126.49   1.63  10.0  19.0  42.0  95.0  5.2  X   Y   659
126.18   2.22  10.0  80.0  60.0  -164.0  5.5  X   Y   660
123.01   -0.23  10.0  198.0  40.0  79.0  5.8  X   Y   661
126.34   1.36  35.0  346.0  76.0  11.0  4.8  X   Y   662
125.56   -0.23  10.0  90.0  60.0  28.0  5.0  X   Y   663
126.48   2.71  34.7  42.0  31.0  104.0  5.1  X   Y   664
126.68   1.72  10.0  342.0  63.0  22.0  5.0  X   Y   665
120.08   -1.21  10.0  339.0  83.0  -5.0  6.2  X   Y   666
126.749   3.565  18.6  189.0  27.0  83.0  5.22  X   Y   667
126.79   2.6  34.2  26.0  39.0  91.0  5.1  X   Y   668
126.23   3.98  45.8  234.0  52.0  -162.0  4.9  X   Y   669
125.96   1.35  13.0  60.0  48.0  163.0  5.1  X   Y   670
126.6   4.6  19.2  157.0  38.0  -58.0  4.9  X   Y   671
123.72   -0.16  10.0  268.0  27.0  113.0  5.0  X   Y   672
125.33   -0.17  16.0  242.0  29.0  113.0  5.5  X   Y   673
125.33   -0.17  10.0  248.0  33.0  117.0  5.2  X   Y   674
125.96   0.83  31.4  352.0  43.0  85.0  4.9  X   Y   675
126.204   0.547  25.0  175.0  64.0  55.0  6.02  X   Y   676
123.863   -0.675  35.0  224.0  73.0  -155.0  6.1  X   Y   677
126.229   0.533  26.0  216.0  35.0  81.0  5.4  X   Y   678
126.6   4.156  25.8  229.0  42.0  140.0  5.0  X   Y   679
126.633   4.139  27.0  188.0  49.0  57.0  5.08  X   Y   680
126.63   1.58  10.0  358.0  44.0  58.0  5.0  X   Y   681
125.77   -0.21  39.7  276.0  51.0  161.0  5.0  X   Y   682
126.337   1.506  30.4  164.0  53.0  39.0  5.34  X   Y   683
126.813   3.6  25.4  346.0  40.0  94.0  5.06  X   Y   684
119.839   0.109  33.6  330.0  37.0  37.0  5.35  X   Y   685
124.993   -0.158  34.8  33.0  64.0  68.0  5.54  X   Y   686
119.8   -0.64  28.2  330.0  38.0  -19.0  4.9  X   Y   687
126.217   1.327  33.7  24.0  43.0  105.0  5.01  X   Y   688
120.95   -1.15  20.2  146.0  74.0  8.0  4.9  X   Y   689
121.39   -1.03  18.3  346.0  51.0  53.0  4.8  X   Y   690
121.617   -0.912  16.5  43.0  75.0  169.0  5.27  X   Y   691
122.72   -0.59  12.5  166.0  53.0  -8.0  4.8  X   Y   692
126.42   2.01  35.3  1.0  32.0  69.0  5.1  X   Y   693
126.701   3.85  25.0  206.0  7.0  115.0  5.27  X   Y   694
121.363   -0.907  15.3  249.0  30.0  -134.0  5.05  X   Y   695
127.046   3.545  16.7  176.0  30.0  78.0  5.12  X   Y   696
126.28   1.362  30.0  225.0  41.0  112.0  5.04  X   Y   697
126.219   1.333  28.6  16.0  49.0  67.0  5.75  X   Y   698
126.427   1.376  28.8  193.0  43.0  90.0  5.0  X   Y   699
120.248   -1.097  24.8  114.0  28.0  -79.0  5.4  X   Y   700
126.11   0.65  33.7  5.0  39.0  75.0  5.4  X   Y   701
126.14   0.35  24.4  20.0  37.0  24.0  5.1  X   Y   702
126.43   0.21  27.8  242.0  36.0  128.0  5.0  X   Y   703
126.26   1.7  25.8  21.0  33.0  73.0  4.9  X   Y   704
126.42   1.58  25.9  350.0  56.0  20.0  4.8  X   Y   705
125.18   -0.3  32.0  264.0  37.0  141.0  5.2  X   Y   706
120.02   -0.17  39.7  147.0  32.0  54.0  4.9  X   Y   707
125.053   -0.202  29.2  32.0  65.0  72.0  6.27  X   Y   708
125.097   -0.21  30.0  28.0  66.0  66.0  5.89  X   Y   709
125.08   -0.31  33.8  252.0  45.0  121.0  5.1  X   Y   710
125.16   -0.42  31.3  250.0  33.0  122.0  5.3  X   Y   711
120.04   0.23  46.1  159.0  48.0  -176.0  5.3  X   Y   712
126.426   1.497  31.0  58.0  55.0  142.0  4.98  X   Y   713
126.44   1.446  36.5  21.0  41.0  86.0  5.09  X   Y   714
126.406   1.852  38.1  197.0  58.0  77.0  7.05  X   Y   715
126.533   1.799  33.9  236.0  57.0  104.0  5.46  X   Y   716
126.423   1.749  34.2  150.0  59.0  61.0  5.48  X   Y   717
126.391   1.868  30.8  72.0  61.0  102.0  5.77  X   Y   718
126.62   2.1  30.8  188.0  43.0  84.0  5.1  X   Y   719
126.29   1.71  33.0  300.0  43.0  160.0  5.0  X   Y   720
127.024   2.3  30.1  321.0  54.0  67.0  6.54  X   Y   721
126.458   1.966  35.2  205.0  57.0  82.0  6.77  X   Y   722
126.6   2.2  32.3  30.0  37.0  105.0  5.0  X   Y   723
126.55   2.02  32.3  267.0  35.0  154.0  5.0  X   Y   724
126.991   2.431  27.4  180.0  54.0  95.0  5.77  X   Y   725
126.19   1.87  33.9  216.0  49.0  46.0  4.8  X   Y   726
126.47   2.14  35.1  32.0  34.0  93.0  5.3  X   Y   727
126.2   2.04  31.0  45.0  39.0  82.0  5.3  X   Y   728
126.269   1.535  35.0  181.0  58.0  57.0  5.73  X   Y   729
126.522   2.116  33.4  204.0  56.0  91.0  6.39  X   Y   730
126.549   2.116  34.5  195.0  57.0  96.0  5.49  X   Y   731
126.42   2.48  31.6  40.0  26.0  107.0  5.4  X   Y   732
120.026   0.158  35.0  174.0  19.0  -143.0  5.1  X   Y   733
126.349   1.14  30.0  128.0  39.0  -174.0  5.27  X   Y   734
126.385   1.659  32.4  19.0  43.0  61.0  5.06  X   Y   735
125.1   -0.31  37.5  237.0  35.0  116.0  5.3  X   Y   736
126.42   1.72  34.6  34.0  42.0  91.0  4.8  X   Y   737
126.082   0.532  33.1  16.0  42.0  74.0  5.52  X   Y   738
126.335   1.722  46.1  9.0  56.0  38.0  5.27  X   Y   739
122.378   -0.59  25.1  263.0  29.0  -161.0  6.06  X   Y   740
126.5   2.0  44.7  214.0  34.0  85.0  5.2  X   Y   741
126.61   2.2  35.8  13.0  35.0  78.0  5.3  X   Y   742
126.487   1.679  42.0  201.0  41.0  94.0  5.69  X   Y   743
126.36   0.23  33.6  2.0  68.0  19.0  4.9  X   Y   744
126.646   2.091  50.0  29.0  36.0  94.0  5.61  X   Y   745
124.28   -0.14  49.1  248.0  43.0  136.0  5.3  X   Y   746
126.41   1.9  33.3  48.0  44.0  92.0  4.9  X   Y   747
124.46   -0.28  41.5  228.0  35.0  109.0  4.9  X   Y   748
126.37   0.55  28.7  14.0  34.0  94.0  4.9  X   Y   749
126.37   1.91  31.3  73.0  80.0  178.0  4.9  X   Y   750
121.02   -1.12  18.1  52.0  70.0  165.0  4.8  X   Y   751
122.25   -0.66  17.6  167.0  45.0  -7.0  5.0  X   Y   752
126.508   1.859  49.8  37.0  40.0  102.0  6.32  X   Y   753
126.59   1.79  45.9  181.0  49.0  54.0  5.1  X   Y   754
126.491   1.51  34.8  184.0  47.0  55.0  5.02  X   Y   755
126.301   1.436  46.0  219.0  45.0  119.0  5.7  X   Y   756
126.867   3.861  13.6  194.0  30.0  92.0  5.05  X   Y   757
126.831   3.822  25.2  15.0  64.0  102.0  6.49  X   Y   758
126.103   0.871  40.8  35.0  49.0  121.0  4.99  X   Y   759
126.423   1.53  21.4  34.0  27.0  -71.0  5.08  X   Y   760
126.291   1.131  19.9  204.0  40.0  78.0  5.11  X   Y   761
126.394   4.182  31.7  176.0  26.0  86.0  5.92  X   Y   762
126.691   4.208  24.8  193.0  30.0  84.0  4.97  X   Y   763
126.57   4.23  30.4  81.0  49.0  155.0  4.9  X   Y   764
126.28   0.366  28.1  226.0  51.0  100.0  5.5  X   Y   765
126.54   0.57  33.1  47.0  49.0  123.0  4.8  X   Y   766
126.318   1.312  41.5  217.0  50.0  109.0  6.36  X   Y   767
126.15   0.994  34.2  222.0  39.0  178.0  5.2  X   Y   768
126.57   1.6  38.0  34.0  40.0  98.0  4.9  X   Y   769
120.418   -0.952  18.1  159.0  38.0  -22.0  5.27  X   Y   770
125.38   0.04  32.2  27.0  41.0  129.0  5.0  X   Y   771
124.55   -0.35  42.1  234.0  35.0  117.0  4.9  X   Y   772
126.392   1.703  47.5  98.0  20.0  31.0  5.05  X   Y   773
124.969   -0.081  46.8  33.0  63.0  71.0  5.66  X   Y   774
126.369   1.214  26.8  147.0  76.0  58.0  5.47  X   Y   775
126.84   4.12  26.2  326.0  51.0  55.0  4.9  X   Y   776
120.08   -1.14  21.0  63.0  67.0  -159.0  4.8  X   Y   777
125.24   -0.3  39.0  250.0  33.0  123.0  5.4  X   Y   778
120.427   -1.297  16.8  277.0  57.0  -98.0  6.58  X   Y   779
120.69   -1.01  17.9  130.0  65.0  2.0  4.9  X   Y   780
120.48   -1.25  18.1  139.0  59.0  -29.0  4.9  X   Y   781
125.2   -0.33  35.1  247.0  32.0  116.0  5.4  X   Y   782
120.23   -1.29  14.8  268.0  30.0  -143.0  4.9  X   Y   783
119.94   -1.328  20.0  64.0  74.0  -179.0  5.02  X   Y   784
120.013   -1.314  19.1  67.0  84.0  178.0  5.07  X   Y   785
126.78   2.47  41.8  46.0  32.0  109.0  5.3  X   Y   786
126.573   3.983  44.7  173.0  24.0  79.0  5.18  X   Y   787
126.803   4.024  38.9  128.0  73.0  -21.0  5.75  X   Y   788
126.75   4.29  29.3  13.0  48.0  62.0  4.9  X   Y   789
120.48   -1.34  26.8  275.0  38.0  -97.0  4.8  X   Y   790
123.21   -0.5  49.3  144.0  67.0  22.0  5.2  X   Y   791
126.1   0.4  30.6  14.0  50.0  47.0  5.0  X   Y   792
126.19   1.75  30.2  31.0  33.0  98.0  4.8  X   Y   793
126.812   1.391  40.0  153.0  79.0  -2.0  6.02  X   Y   794
126.72   2.34  42.1  32.0  35.0  92.0  5.0  X   Y   795
126.59   1.91  36.3  39.0  44.0  102.0  5.3  X   Y   796
120.005   1.026  25.7  64.0  17.0  84.0  5.19  X   Y   797
120.034   1.033  24.5  63.0  36.0  79.0  5.1  X   Y   798
126.82   4.59  37.6  254.0  63.0  161.0  5.1  X   Y   799
125.99   0.69  34.2  40.0  78.0  180.0  5.4  X   Y   800
126.66   3.69  19.3  175.0  23.0  88.0  5.2  X   Y   801
119.67   -0.78  30.2  7.0  34.0  56.0  4.9  X   Y   802
126.34   0.48  22.2  15.0  42.0  80.0  5.2  X   Y   803
119.852   -0.345  25.4  359.0  66.0  -14.0  6.06  X   Y   804
120.02   -0.4  12.0  181.0  77.0  -1.0  5.2  X   Y   805
119.895   -0.273  23.0  348.0  57.0  -15.0  7.57  X   Y   806
120.22   -1.44  12.0  127.0  59.0  4.0  5.0  X   Y   807
120.19   -1.51  22.3  52.0  76.0  -176.0  4.9  X   Y   808
120.15   -1.51  14.7  101.0  38.0  -69.0  5.0  X   Y   809
120.19   -1.43  12.0  116.0  37.0  -56.0  5.1  X   Y   810
120.24   -1.25  26.1  111.0  35.0  -86.0  5.1  X   Y   811
119.65   0.0  15.0  311.0  27.0  12.0  5.3  X   Y   812
126.92   3.37  38.2  183.0  32.0  70.0  5.1  X   Y   813
119.89   -0.52  12.0  258.0  76.0  167.0  5.8  X   Y   814
119.867   -0.695  24.2  349.0  38.0  -3.0  5.34  X   Y   815
119.95   -1.44  15.0  115.0  13.0  6.0  5.4  X   Y   816
126.01   0.2  29.6  346.0  41.0  42.0  4.9  X   Y   817
120.04   -0.87  27.0  145.0  33.0  -48.0  4.9  X   Y   818
120.23   -1.65  22.1  47.0  72.0  -165.0  5.1  X   Y   819
126.55   4.26  28.3  171.0  41.0  87.0  4.9  X   Y   820
126.558   4.144  28.6  198.0  33.0  116.0  5.35  X   Y   821
120.46   -1.24  14.4  120.0  37.0  -80.0  4.8  X   Y   822
120.41   -1.25  13.1  124.0  44.0  -60.0  5.0  X   Y   823
126.84   2.93  28.1  45.0  37.0  117.0  5.3  X   Y   824
125.974   0.461  30.0  44.0  18.0  134.0  5.47  X   Y   825
126.825   2.383  35.0  5.0  30.0  83.0  5.55  X   Y   826
126.442   1.113  38.6  26.0  26.0  92.0  5.39  X   Y   827
126.263   1.634  30.0  10.0  49.0  57.0  5.12  X   Y   828
126.63   2.48  34.9  18.0  34.0  79.0  6.6  X   Y   829
126.9   2.54  35.6  219.0  43.0  103.0  5.2  X   Y   830
126.74   2.46  42.9  73.0  53.0  141.0  4.9  X   Y   831
126.85   4.49  20.1  191.0  41.0  -30.0  5.1  X   Y   832
126.39   1.53  40.5  11.0  45.0  75.0  5.7  X   Y   833
126.2   0.34  27.0  16.0  46.0  68.0  5.1  X   Y   834
126.16   0.81  31.7  349.0  50.0  34.0  5.6  X   Y   835
120.29   -1.48  19.7  109.0  41.0  -54.0  4.9  X   Y   836
126.67   2.26  34.6  202.0  43.0  105.0  5.0  X   Y   837
119.67   0.12  22.5  60.0  60.0  164.0  4.9  X   Y   838
126.54   1.25  25.5  337.0  62.0  -8.0  5.1  X   Y   839
120.53   -1.77  12.3  136.0  41.0  63.0  5.5  X   Y   840
126.36   1.77  41.9  19.0  40.0  96.0  6.1  X   Y   841
126.72   4.14  29.7  182.0  28.0  92.0  5.2  X   Y   842
126.1   0.55  30.5  342.0  51.0  35.0  6.9  X   Y   843
126.24   0.68  26.5  358.0  39.0  94.0  5.0  X   Y   844
126.36   0.81  28.4  171.0  43.0  103.0  5.0  X   Y   845
126.23   0.52  26.9  344.0  79.0  11.0  5.7  X   Y   846
126.38   0.35  19.6  186.0  31.0  74.0  5.9  X   Y   847
126.21   0.82  30.8  347.0  41.0  73.0  5.0  X   Y   848
126.49   0.38  27.7  219.0  38.0  137.0  5.0  X   Y   849
126.37   0.15  21.1  209.0  29.0  53.0  5.3  X   Y   850
126.32   0.16  21.9  195.0  44.0  54.0  5.3  X   Y   851
126.17   2.32  48.3  8.0  38.0  129.0  5.2  X   Y   852
126.64   2.41  45.1  24.0  31.0  95.0  5.0  X   Y   853
126.01   -0.21  27.8  83.0  47.0  124.0  5.1  X   Y   854
126.21   0.37  26.4  60.0  34.0  95.0  4.8  X   Y   855
126.79   4.08  29.3  183.0  33.0  104.0  5.7  X   Y   856
124.65   -0.11  25.0  195.0  13.0  14.0  5.3  X   Y   857
126.36   1.46  31.5  213.0  43.0  102.0  5.4  X   Y   858
126.32   1.66  29.6  15.0  39.0  67.0  7.1  X   Y   859
126.15   1.64  36.0  33.0  42.0  114.0  6.0  X   Y   860
126.42   1.71  29.9  206.0  43.0  86.0  5.6  X   Y   861
126.26   1.8  33.0  206.0  44.0  100.0  5.7  X   Y   862
126.37   1.71  26.1  211.0  35.0  108.0  5.6  X   Y   863
126.1   1.72  26.2  5.0  27.0  62.0  6.1  X   Y   864
126.21   1.72  33.4  37.0  37.0  93.0  5.7  X   Y   865
126.44   1.78  30.3  197.0  43.0  91.0  5.4  X   Y   866
126.26   1.78  29.2  2.0  51.0  55.0  5.5  X   Y   867
126.23   1.73  30.1  18.0  45.0  73.0  5.5  X   Y   868
126.29   1.74  27.5  219.0  44.0  113.0  5.6  X   Y   869
126.25   1.69  28.8  353.0  53.0  36.0  6.0  X   Y   870
126.41   1.81  32.7  350.0  42.0  79.0  5.2  X   Y   871
126.08   1.72  32.4  346.0  46.0  63.0  5.1  X   Y   872
126.26   1.65  34.2  68.0  65.0  163.0  5.0  X   Y   873
126.24   1.84  30.2  24.0  34.0  100.0  5.1  X   Y   874
126.45   1.66  29.8  157.0  89.0  0.0  5.0  X   Y   875
126.16   1.8  27.3  8.0  34.0  78.0  5.9  X   Y   876
126.34   1.56  28.6  53.0  39.0  115.0  4.9  X   Y   877
126.22   1.89  30.7  354.0  31.0  66.0  5.0  X   Y   878
125.17   -0.37  35.6  220.0  32.0  92.0  4.8  X   Y   879
126.73   4.03  26.6  225.0  35.0  -168.0  5.3  X   Y   880
126.36   0.79  27.5  59.0  49.0  153.0  5.9  X   Y   881
126.37   1.67  27.5  148.0  48.0  28.0  5.5  X   Y   882
125.22   -0.38  32.5  241.0  32.0  107.0  5.4  X   Y   883
125.37   -0.42  36.5  255.0  33.0  123.0  5.0  X   Y   884
120.18   -1.68  18.9  36.0  86.0  177.0  5.8  X   Y   885
126.33   1.53  41.3  23.0  36.0  82.0  6.0  X   Y   886
126.87   0.33  26.3  156.0  69.0  -10.0  5.0  X   Y   887
126.68   1.2  46.7  248.0  80.0  179.0  5.8  X   Y   888
126.15   3.98  28.4  182.0  75.0  168.0  5.2  X   Y   889
126.66   4.05  41.0  194.0  30.0  83.0  5.6  X   Y   890
126.27   1.35  30.8  176.0  39.0  75.0  5.1  X   Y   891
126.33   1.43  21.7  159.0  44.0  -97.0  4.8  X   Y   892
126.62   2.43  39.1  14.0  37.0  95.0  5.0  X   Y   893
126.36   1.37  40.3  192.0  46.0  110.0  5.1  X   Y   894
126.43   1.97  37.2  51.0  26.0  86.0  6.0  X   Y   895
126.56   4.15  24.4  349.0  41.0  23.0  5.5  X   Y   896
126.66   4.22  21.4  229.0  50.0  135.0  5.8  X   Y   897
126.87   4.25  24.2  188.0  41.0  76.0  4.9  X   Y   898
119.27   -1.92  31.1  7.0  36.0  84.0  4.9  X   Y   899
126.91   4.22  25.8  182.0  38.0  68.0  4.9  X   Y   900
126.76   2.63  34.3  56.0  34.0  129.0  5.3  X   Y   901
125.48   0.5  32.0  337.0  27.0  66.0  5.0  X   Y   902
124.45   -0.36  39.8  240.0  35.0  116.0  5.4  X   Y   903
126.18   1.75  24.5  158.0  34.0  51.0  5.1  X   Y   904
126.75   1.73  26.5  358.0  51.0  47.0  5.0  X   Y   905
124.39   -0.35  37.4  247.0  33.0  107.0  5.2  X   Y   906
124.55   -0.26  40.6  230.0  29.0  87.0  5.2  X   Y   907
119.97   1.31  25.0  60.0  15.0  82.0  5.3  X   Y   908
126.65   4.14  38.2  167.0  33.0  53.0  5.3  X   Y   909
124.42   -0.26  41.2  236.0  34.0  113.0  4.8  X   Y   910
119.94   1.23  28.6  47.0  19.0  77.0  5.1  X   Y   911
126.49   4.97  44.4  141.0  46.0  -172.0  4.8  X   Y   912
126.96   1.09  25.5  142.0  82.0  6.0  5.4  X   Y   913
126.12   0.69  30.7  354.0  50.0  51.0  5.3  X   Y   914
125.35   -0.35  41.4  239.0  33.0  108.0  4.9  X   Y   915
126.75   3.81  26.3  127.0  44.0  2.0  5.6  X   Y   916
126.31   0.82  30.5  13.0  46.0  70.0  4.9  X   Y   917
120.19   -1.52  17.2  87.0  42.0  -82.0  4.7  X   Y   918
119.95   1.22  25.0  66.0  10.0  83.0  5.2  X   Y   919
126.29   0.28  20.4  266.0  51.0  132.0  6.2  X   Y   920
126.15   0.32  24.1  40.0  35.0  101.0  5.5  X   Y   921
126.39   0.43  31.2  224.0  44.0  113.0  4.9  X   Y   922
126.35   0.28  27.4  229.0  40.0  99.0  4.9  X   Y   923
126.25   0.16  18.4  85.0  50.0  138.0  5.4  X   Y   924
126.66   3.1  46.8  188.0  26.0  94.0  5.2  X   Y   925
126.25   0.41  25.1  11.0  53.0  2.0  4.8  X   Y   926
126.71   3.01  41.7  190.0  25.0  94.0  6.2  X   Y   927
126.81   2.94  43.8  193.0  30.0  94.0  5.8  X   Y   928
126.75   2.89  36.8  198.0  21.0  116.0  5.2  X   Y   929
126.73   2.87  47.6  209.0  31.0  99.0  5.5  X   Y   930
121.95   -0.64  12.0  138.0  41.0  -61.0  5.7  X   Y   931
121.97   -0.68  12.0  139.0  42.0  -59.0  6.2  X   Y   932
121.52   -0.73  12.0  138.0  75.0  6.0  5.8  X   Y   933
126.62   1.88  38.0  195.0  41.0  67.0  5.5  X   Y   934
126.52   2.19  35.8  19.0  39.0  81.0  5.4  X   Y   935
126.37   0.49  23.1  213.0  46.0  106.0  5.1  X   Y   936
126.16   0.92  31.0  201.0  39.0  109.0  5.8  X   Y   937
126.06   0.93  32.1  19.0  39.0  89.0  5.3  X   Y   938
126.13   1.32  41.1  23.0  37.0  91.0  5.6  X   Y   939
126.08   0.91  31.5  332.0  47.0  47.0  4.9  X   Y   940
120.65   -1.29  16.1  234.0  60.0  -157.0  5.1  X   Y   941
123.62   -0.72  36.2  158.0  40.0  37.0  5.0  X   Y   942
126.78   2.52  29.5  36.0  41.0  124.0  5.0  X   Y   943
126.8   2.53  31.2  22.0  39.0  97.0  5.1  X   Y   944
126.68   2.28  33.5  22.0  41.0  74.0  5.3  X   Y   945
125.16   -0.27  36.3  247.0  32.0  119.0  5.6  X   Y   946
126.71   3.75  27.8  207.0  48.0  121.0  6.1  X   Y   947
126.07   0.85  30.6  332.0  39.0  42.0  5.7  X   Y   948
126.1   0.43  16.0  182.0  10.0  -81.0  5.3  X   Y   949
126.94   3.66  43.4  293.0  33.0  -133.0  4.9  X   Y   950
126.9   2.13  24.3  345.0  49.0  32.0  6.0  X   Y   951
126.73   3.71  30.8  204.0  36.0  96.0  5.3  X   Y   952
124.55   -0.35  37.8  233.0  29.0  104.0  5.0  X   Y   953
126.67   3.85  20.0  129.0  43.0  12.0  5.0  X   Y   954
126.33   1.74  33.4  228.0  45.0  114.0  5.5  X   Y   955
126.66   3.7  35.5  67.0  41.0  -36.0  4.7  X   Y   956
120.6   -2.06  16.4  126.0  74.0  -5.0  4.7  X   Y   957
125.9   1.1  32.8  3.0  33.0  99.0  5.3  X   Y   958
126.93   0.92  25.3  143.0  86.0  -1.0  5.0  X   Y   959
126.34   0.34  23.1  214.0  39.0  88.0  5.4  X   Y   960
126.33   1.9  30.4  251.0  44.0  107.0  5.8  X   Y   961
125.26   -0.35  35.9  257.0  49.0  148.0  4.9  X   Y   962
126.45   2.21  34.9  17.0  35.0  92.0  5.3  X   Y   963
