#Longitude Latitude Depth_(km) mrr mtt mff mrt mrf mtf Exponent_(dyn-cm) X_position(GMT) Y_position(GMT) ID rupture_type
123.39 -0.01 36.0 3.43688 0.0997736 -3.53665 -0.909353 2.2208 -1.42435 24.0 X Y 0 R-SS
123.327 -0.561 35.0 4.00356 0.172237 -4.1758 -1.10111 2.44743 -1.53381 24.0 X Y 1 R-SS
123.38 -0.17 43.9 -0.119601 0.885789 -0.766187 -0.437942 -0.343785 -2.00223 24.0 X Y 2 SS
122.141 -0.297 20.0 0.0392254 0.3291 -0.368325 0.149731 -0.363646 -2.3403 24.0 X Y 3 SS
122.68 -0.47 33.0 -2.26499 4.62764 -2.36265 -2.78387 2.71727 0.652413 23.0 X Y 4 N-SS
123.3 -0.7 40.0 2.17659 -1.80371 -0.37288 0.852284 4.40255 -2.72928 23.0 X Y 5 R-SS
121.7 -0.9 36.0 0.0385811 7.66925 -7.70783 -0.605378 -0.124604 -1.89709 23.0 X Y 6 SS
122.7 -0.6 34.0 1.00757 -0.71026 -0.297309 -0.809457 -0.621367 1.46141 23.0 X Y 7 R-SS
123.1 -0.5 45.0 1.23722 -0.940242 -0.296977 0.932365 0.147429 -0.607755 24.0 X Y 8 R
121.45 -0.99 33.0 -1.16982 1.28008 -0.110265 5.42512 0.747491 -0.349976 23.0 X Y 9 N
121.88 -1.01 33.0 -0.329699 0.360776 -0.0310768 1.52901 0.210672 -0.0986366 24.0 X Y 10 N
121.12 -1.09 33.0 3.49436 -0.635184 -2.85917 -0.125395 0.503816 -1.38754 22.0 X Y 11 R
121.88 -0.93 15.0 -3.2176 4.79111 -1.57351 -2.1841 -2.26933 -1.95214 23.0 X Y 12 N-SS
123.4 -0.2 33.0 0.824209 0.349123 -1.17333 -0.635373 0.289839 -0.646991 23.0 X Y 13 R-SS
122.5 -0.7 21.0 0.0770598 0.961681 -1.03874 -0.409298 0.276024 0.101662 24.0 X Y 14 SS-R
123.19 -0.598 39.1 1.87616 -3.82611 1.94995 -2.97604 2.00005 -1.92473 23.0 X Y 15 R-SS
121.361 -1.314 20.0 1.9682 0.0672406 -2.03544 -0.68233 -0.1727 -0.52935 25.0 X Y 16 R
121.3 -1.26 15.0 2.271 0.069457 -2.34045 -0.767007 -0.199219 -0.60133 25.0 X Y 17 R
122.018 -0.733 20.1 -6.984 1.48641 5.49759 -0.03038 1.44863 -2.92952 23.0 X Y 18 N
121.95 -0.87 33.0 -1.48841 0.952397 0.536008 0.200639 0.322855 -0.813964 24.0 X Y 19 N
123.424 -0.683 41.4 -0.234156 0.0646492 0.169507 -0.398967 -1.38539 -4.85609 23.0 X Y 20 SS
123.11 -0.41 33.0 0.864841 0.144728 -1.00957 0.458129 -0.113559 -0.376939 24.0 X Y 21 R-SS
123.36 -0.64 33.0 1.91428 -2.16048 0.246199 0.0186446 0.797456 -0.423315 24.0 X Y 22 R
121.8 -1.26 42.0 0.38808 -0.639988 0.251908 -1.06831 0.321026 -0.66264 23.0 X Y 23 R-SS
123.294 -0.372 30.0 1.79691 1.23953 -3.03644 1.71087 -0.476023 -1.56299 25.0 X Y 24 R-SS
123.31 -0.448 36.2 3.56785 0.159332 -3.72718 1.86315 -0.825045 -2.21625 23.0 X Y 25 R-SS
123.23 -0.41 45.0 3.79784 0.0434172 -3.84126 0.699548 -0.552997 -0.680708 23.0 X Y 26 R
123.54 -0.49 31.0 3.18016 1.35886 -4.53902 2.76033 -0.596616 -2.71406 23.0 X Y 27 R-SS
123.248 -0.397 35.7 0.59903 0.255961 -0.854991 0.519949 -0.112382 -0.511234 25.0 X Y 28 R-SS
121.87 -0.56 22.2 -0.0170801 1.31831 -1.30123 0.214763 0.153378 -2.48151 23.0 X Y 29 SS
122.742 -0.52 21.8 -0.279904 0.0892989 0.190605 0.420317 0.225669 -0.856957 24.0 X Y 30 SS-N
122.66 -0.62 40.0 -1.74586 0.556988 1.18887 2.62166 1.40758 -5.34514 24.0 X Y 31 SS-N
123.05 -0.28 32.0 2.94411 -2.8855 -0.0586104 2.64547 -1.23255 -2.84649 25.0 X Y 32 R-SS
122.41 -0.8 10.0 -5.44928 5.19257 0.256713 2.33001 1.10092 -2.19273 24.0 X Y 33 N
123.02 -0.14 35.0 1.4168 -0.447748 -0.969054 0.198256 -0.815005 -0.940905 25.0 X Y 34 R-SS
121.77 -0.97 10.0 -4.18624 0.478725 3.70751 -1.9551 -4.08514 -5.18028 23.0 X Y 35 N-SS
121.929 -0.642 17.0 -0.926859 -0.445736 1.3726 -1.13869 0.000732829 -1.14294 24.0 X Y 36 N-SS
123.01 -0.23 10.0 6.09955 -1.03732 -5.06223 1.20947 0.737883 -2.41869 24.0 X Y 37 R
121.39 -1.03 18.3 1.55867 0.346879 -1.90554 -0.813378 0.138649 -0.458075 23.0 X Y 38 R-SS
121.617 -0.912 16.5 0.0965092 0.911933 -1.00844 0.301964 -0.0530252 0.0187704 24.0 X Y 39 SS
122.72 -0.59 12.5 -0.26693 0.756439 -0.489509 1.13525 0.361935 -1.45593 23.0 X Y 40 SS-N
121.363 -0.907 15.3 -2.94757 3.66867 -0.721094 -2.60882 2.04752 -0.235123 23.0 X Y 41 N
122.378 -0.59 25.1 -0.427624 0.593031 -0.165407 -0.421311 1.23871 -0.637157 25.0 X Y 42 N
122.25 -0.66 17.6 -0.485171 1.24939 -0.764216 2.72245 0.628527 -2.61763 23.0 X Y 43 SS-N
123.21 -0.5 49.3 2.14047 5.70809 -7.84856 3.54307 0.0192012 -1.0771 23.0 X Y 44 SS-R
121.95 -0.64 12.0 -3.86876 3.14514 0.723623 1.57839 0.689547 -2.07229 24.0 X Y 45 N
121.97 -0.68 12.0 -2.14131 1.77889 0.362421 0.873245 0.460892 -1.18071 25.0 X Y 46 N
121.52 -0.73 12.0 0.329765 5.88034 -6.21011 1.58912 0.662268 -0.469588 24.0 X Y 47 SS
123.62 -0.72 36.2 2.35947 1.08857 -3.44803 2.10238 1.29813 -0.650598 23.0 X Y 48 R-SS
