#Longitude Latitude Depth_(km) mrr mtt mff mrt mrf mtf Exponent_(dyn-cm) X_position(GMT) Y_position(GMT) ID rupture_type
126.279 1.396 44.4 2.86421 -0.37705 -2.48716 -0.267147 -1.37912 -0.996838 25.0 X Y 0 R
126.63 2.19 34.7 0.818415 -0.862555 0.0441401 -2.03853 -0.380565 0.0596669 24.0 X Y 1 R
126.455 1.687 50.0 2.68204 -2.10428 -0.57776 0.0103015 -1.68802 -1.86429 24.0 X Y 2 R-SS
126.031 0.806 30.0 2.24982 0.806993 -3.05682 1.36525 1.08511 0.381172 24.0 X Y 3 R-SS
126.249 1.241 45.0 3.27085 0.558446 -3.8293 -1.43137 -0.345385 -0.361344 24.0 X Y 4 R-SS
126.042 1.047 35.0 2.49102 0.8722 -3.36322 -1.57846 1.24376 -0.0739603 24.0 X Y 5 R-SS
126.366 1.515 39.1 1.39106 -0.539552 -0.851504 -0.465186 -0.430345 -0.683395 24.0 X Y 6 R
126.639 1.739 44.0 1.62171 1.85194 -3.47366 2.13207 -0.16342 1.60708 24.0 X Y 7 SS-R
126.337 1.378 35.0 2.28475 -0.408601 -1.87615 -0.576174 -3.0973 -1.05329 25.0 X Y 8 R
126.44 1.25 33.3 6.10852 -0.474863 -5.63365 3.30977 0.861542 -3.1462 24.0 X Y 9 R-SS
126.364 1.714 47.4 2.55496 -0.353401 -2.20156 -1.01382 -0.803729 -1.04297 26.0 X Y 10 R
126.27 1.77 37.8 1.82187 0.182386 -2.00425 -0.759022 0.839254 0.216022 24.0 X Y 11 R
126.49 2.045 35.0 5.84801 0.45428 -6.30229 -5.0905 -2.17012 -3.42753 24.0 X Y 12 R-SS
126.45 1.994 44.8 8.47784 -2.09025 -6.38759 -0.640251 -1.35427 -3.65581 24.0 X Y 13 R
126.514 1.925 29.1 -0.918317 0.475866 0.442451 -1.42046 -2.08547 0.494707 25.0 X Y 14 N
126.509 1.827 30.2 -0.285911 0.318081 -0.0321702 -1.34006 0.119114 0.218906 25.0 X Y 15 N
126.572 1.897 20.0 -1.94316 0.381348 1.56182 -2.3468 -4.19811 0.776849 25.0 X Y 16 N
126.571 2.164 40.6 1.87497 0.159321 -2.03429 -0.613344 -0.340447 -0.182922 24.0 X Y 17 R
126.68 2.32 17.8 2.08493 -0.633883 -1.45105 0.60003 0.0741647 1.10416 24.0 X Y 18 R
126.192 1.384 44.8 3.96987 0.086812 -4.05668 -1.74405 -0.0225672 -1.65025 25.0 X Y 19 R
126.568 1.729 32.6 1.04401 1.05093 -2.09494 -1.45358 -0.503199 -0.807407 25.0 X Y 20 R-SS
126.46 1.15 37.3 1.29511 -0.550011 -0.745095 -0.655722 0.142288 -0.891168 24.0 X Y 21 R-SS
126.199 0.886 36.6 2.45662 -0.736589 -1.72003 0.314866 0.417472 -1.12611 25.0 X Y 22 R
126.501 2.184 46.2 1.40114 -0.291086 -1.11006 -0.453982 -0.443674 -0.596493 25.0 X Y 23 R
126.517 1.591 15.0 7.91881 0.0559825 -7.9748 2.26413 -1.52717 -2.64804 23.0 X Y 24 R
126.181 1.166 34.9 1.36988 -0.422733 -0.947145 -0.169554 0.0882957 -0.661153 25.0 X Y 25 R
126.0 0.96 36.0 7.08616 -2.66255 -4.42361 1.70253 3.11774 -3.47005 23.0 X Y 26 R
126.54 1.0 39.4 0.0516182 0.931275 -0.982893 -0.37995 -0.106268 -0.715004 25.0 X Y 27 SS
126.052 1.032 45.8 0.889202 0.238354 -1.12756 0.477018 0.305159 0.016666 25.0 X Y 28 R-SS
126.562 2.099 49.0 2.36549 0.204068 -2.56956 -1.00275 -0.910303 -0.417427 24.0 X Y 29 R
126.354 1.642 20.0 -5.37226 0.125719 5.24654 -0.0665681 0.782093 0.833297 23.0 X Y 30 N
126.43 1.69 43.8 6.38967 2.20966e-16 -6.38967 1.69672 4.30989 -0.902162 23.0 X Y 31 R
126.454 1.996 28.7 -0.474312 -0.0192167 0.493529 0.493763 0.944455 0.100655 25.0 X Y 32 N
126.1 1.7 38.0 7.26186 -3.46399 -3.79788 -2.78791 -0.965626 -3.84863 23.0 X Y 33 R
126.74 2.26 39.0 5.09344 -2.98036 -2.11308 0.833969 -1.43582 -3.03649 23.0 X Y 34 R
126.505 1.64 40.8 5.27243 -3.0851 -2.18733 0.863276 -1.48628 -3.1432 23.0 X Y 35 R
126.17 1.38 49.3 4.19343 4.5003 -8.69373 -4.53686 -0.463488 -1.38771 24.0 X Y 36 SS-R
126.191 0.906 28.4 5.35439 0.927158 -6.28155 2.22827 2.09553 0.904642 23.0 X Y 37 R-SS
126.5 1.9 33.0 2.01315 0.0398833 -2.05303 -0.330377 0.816339 -0.318832 24.0 X Y 38 R
126.551 1.579 32.6 1.21868 0.0229584 -1.24164 -0.195224 0.482823 -0.1865 25.0 X Y 39 R
126.529 2.195 41.5 1.26742 -0.211595 -1.05582 -0.207193 -0.412375 -0.473053 25.0 X Y 40 R
126.13 1.67 34.8 0.725195 -0.503826 -0.221368 0.605051 0.596742 -0.349802 24.0 X Y 41 R
126.45 1.69 37.3 4.81608 -1.16245 -3.65362 2.46737 5.79755 -2.10923 23.0 X Y 42 R
126.113 0.797 41.8 1.0803 2.60727 -3.68757 -2.14395 -0.973763 -0.810053 23.0 X Y 43 SS-R
126.472 1.696 43.4 1.77523 -1.30432 -0.470904 -1.27683 -0.767197 -0.783716 24.0 X Y 44 R
126.174 1.331 35.3 7.88071 -1.77429 -6.10642 2.22102 1.56796 -3.48311 25.0 X Y 45 R
126.153 1.184 30.0 0.28772 -0.0970237 -0.190696 2.21762 -1.60498 0.166481 24.0 X Y 46 R
126.106 1.241 39.2 1.07202 0.542634 -1.61465 0.778319 -0.790747 -0.796247 25.0 X Y 47 R-SS
126.081 1.221 21.7 6.33677 -0.767037 -5.56973 2.51631 1.40138 -2.66609 23.0 X Y 48 R
126.38 1.52 37.2 1.33179 -0.0654202 -1.26637 0.00521916 -0.837526 -0.345831 24.0 X Y 49 R
126.212 1.359 37.2 1.47718 -0.0725625 -1.40462 0.00578896 -0.928963 -0.383587 24.0 X Y 50 R
126.248 0.955 23.4 1.87333 -0.240587 -1.63274 -0.0705608 -0.183817 -0.626751 24.0 X Y 51 R
126.33 1.16 33.0 3.85248 -0.581337 -3.27114 2.19977 2.15902 -1.63663 22.0 X Y 52 R
126.38 1.454 32.7 4.1758 -0.630127 -3.54568 2.38439 2.34022 -1.77398 23.0 X Y 53 R
126.22 1.85 33.0 1.20341 -0.1637 -1.03971 -2.18447 -0.660939 -1.20686 23.0 X Y 54 R
126.218 1.574 35.0 3.74355 -0.977039 -2.76651 2.49941 -0.650131 -3.1942 24.0 X Y 55 R-SS
126.444 1.645 30.0 1.66252 0.265073 -1.92759 1.03056 -0.286799 -1.03739 25.0 X Y 56 R-SS
126.308 1.325 38.5 1.56087 -0.283726 -1.27714 -0.0560117 0.225046 -0.619793 24.0 X Y 57 R
126.37 1.45 28.2 6.73628 -3.36814 -3.36814 2.97642 2.97642 -3.36814 23.0 X Y 58 R
126.272 1.436 15.0 0.162878 0.272419 -0.435297 0.298045 -0.988718 -0.483667 24.0 X Y 59 R
126.328 1.508 35.0 3.36879 -0.723496 -2.6453 1.72598 1.03707 -1.65187 24.0 X Y 60 R
126.461 1.058 25.6 3.38319 0.324628 -3.70782 1.55325 -0.314842 -1.34946 23.0 X Y 61 R-SS
126.551 1.086 10.0 3.03093 0.210245 -3.24118 2.76785 2.98164 -1.05977 23.0 X Y 62 R
126.44 1.14 21.0 4.35235 -0.120063 -4.23229 -0.708784 0.049563 -1.00646 24.0 X Y 63 R
126.358 1.079 30.0 1.5612 -0.0388677 -1.52233 -0.25271 0.0433015 -0.355632 25.0 X Y 64 R
126.56 1.34 31.7 1.7327 -0.0477979 -1.6849 -0.282172 0.0197314 -0.400681 25.0 X Y 65 R
126.056 1.212 42.7 5.58057 1.84271 -7.42327 -4.37682 -0.89042 -2.76994 23.0 X Y 66 R-SS
126.476 1.837 20.0 3.80959 -1.22299 -2.58661 -0.206723 -2.10116 -2.03603 24.0 X Y 67 R
126.32 1.33 32.7 6.47548 0.129296 -6.60477 1.50439 -3.62191 -2.22003 23.0 X Y 68 R
125.985 0.898 31.8 2.43489 1.05467 -3.48956 4.64483 1.81794 -2.68301 23.0 X Y 69 R-SS
126.052 0.958 41.4 0.830209 0.288503 -1.11871 -0.524344 -0.506496 0.0730937 24.0 X Y 70 R-SS
126.236 1.026 27.2 -0.0347557 0.141305 -0.106549 -0.0850384 0.842423 -0.602749 24.0 X Y 71 SS-N
126.13 1.347 47.9 2.86826 0.292469 -3.16073 1.92209 2.7828 -0.550678 23.0 X Y 72 R
126.35 1.739 37.5 1.01587 -0.426102 -0.589767 0.155301 0.200604 -0.501426 24.0 X Y 73 R
126.372 1.473 30.0 -4.28859 2.09202 2.19656 4.10146 6.1961 2.26289 24.0 X Y 74 N
126.46 1.01 34.4 1.83652 -0.358618 -1.4779 0.292955 -0.982065 -1.05773 24.0 X Y 75 R-SS
126.363 0.875 25.0 2.18469 -0.423343 -1.76135 0.359634 -1.15539 -1.26014 24.0 X Y 76 R-SS
126.249 0.893 43.1 6.35282 -1.2231 -5.12972 1.11354 -1.69289 -3.11014 23.0 X Y 77 R
126.3 0.8 21.0 5.79384 -1.11548 -4.67836 1.01556 -1.54393 -2.83648 24.0 X Y 78 R
126.417 1.586 31.0 2.35265 -0.0130319 -2.33962 -0.243003 0.768781 -0.393719 25.0 X Y 79 R
126.09 1.21 20.0 2.03612 -0.129813 -1.9063 0.156959 -0.832736 -0.628871 24.0 X Y 80 R
126.648 2.128 35.3 1.98583 -0.578854 -1.40697 -0.295583 -0.575148 -0.904385 24.0 X Y 81 R
126.21 1.41 23.6 -1.77278 1.72898 0.0438022 -0.616508 0.565156 -0.463204 23.0 X Y 82 N
126.203 1.131 15.0 1.38374 0.0423121 -1.42606 -3.83122 -4.39511 -0.580931 23.0 X Y 83 R
126.145 1.046 31.3 0.84117 -0.506363 -0.334807 -0.260811 0.371453 -0.656403 24.0 X Y 84 R-SS
126.561 2.151 30.0 0.992292 -0.185073 -0.807219 -0.0805432 -0.23496 -0.387539 25.0 X Y 85 R
126.23 1.74 37.4 1.39315 2.56148 -3.95463 -2.93429 -0.238955 -3.29925 23.0 X Y 86 SS-R
126.184 0.799 50.0 3.82948 -0.295553 -3.53393 -0.403297 -1.17783 -1.02357 24.0 X Y 87 R
126.67 2.19 30.7 -0.891802 1.03017 -0.138369 -0.346031 0.432306 -0.120184 24.0 X Y 88 N-SS
126.374 1.536 25.0 1.80193 0.0596576 -1.86159 0.901716 -1.29364 -1.69264 24.0 X Y 89 R-SS
126.219 1.697 35.6 4.69819 -0.716805 -3.98138 -0.0264722 -1.78351 -1.81749 23.0 X Y 90 R
126.279 0.978 14.0 -4.94429 0.652128 4.29217 -0.0858096 -1.02218 -1.73342 23.0 X Y 91 N
126.023 1.071 30.9 0.640972 0.539492 -1.18046 0.652494 -0.0441663 -0.429176 24.0 X Y 92 R-SS
126.33 1.21 33.6 1.44699 -0.242583 -1.20441 -0.294426 -0.574902 -0.541365 24.0 X Y 93 R
126.304 1.009 33.6 1.66137 -0.278523 -1.38284 -0.338046 -0.660076 -0.621571 24.0 X Y 94 R
126.364 1.055 20.0 2.29283 -0.549137 -1.7437 0.0955551 -0.390626 -1.01692 25.0 X Y 95 R
126.287 0.948 24.2 7.2769 -1.90364 -5.37326 0.777296 -0.629442 -3.35099 23.0 X Y 96 R
126.45 1.138 28.0 6.5492 -0.787101 -5.7621 1.6461 -2.94283 -3.65638 23.0 X Y 97 R-SS
126.211 0.911 37.8 1.73913 0.0239442 -1.76307 0.335526 0.193849 0.307202 24.0 X Y 98 R
126.121 1.226 28.7 1.86114 -0.0679138 -1.79323 -0.372847 0.463645 -0.61461 24.0 X Y 99 R
126.169 1.113 28.1 1.33787 -0.288197 -1.04967 0.00384653 0.570687 0.612118 24.0 X Y 100 R
126.001 1.005 15.0 1.38541 -0.00417483 -1.38123 -0.0247514 -2.84051 -0.131643 24.0 X Y 101 R
126.502 1.301 31.8 3.38747 -0.485075 -2.9024 0.83212 1.61388 -1.19456 23.0 X Y 102 R
126.186 1.233 20.0 3.45079 -0.186366 -3.26442 0.0956109 -1.42135 -0.892425 24.0 X Y 103 R
126.364 1.064 20.0 6.70181 -1.69105 -5.01075 2.69044 0.691493 -3.47516 24.0 X Y 104 R
126.143 1.384 25.0 0.585193 0.00688203 -0.592075 -0.466037 -1.33144 -0.0881999 24.0 X Y 105 R
126.18 0.92 18.0 -2.4366 0.840035 1.59657 -1.15902 0.205829 -1.40062 23.0 X Y 106 N
126.328 1.181 39.5 1.56925 -0.26824 -1.30101 -0.170273 -0.0548007 -0.605256 24.0 X Y 107 R
126.34 1.3 39.5 1.56925 -0.26824 -1.30101 -0.170273 -0.0548007 -0.605256 24.0 X Y 108 R
126.14 0.82 18.6 -2.15375 1.71799 0.435756 -1.667 0.720312 -0.869211 23.0 X Y 109 N
126.275 1.185 33.8 0.933973 0.134357 -1.06833 -0.529434 -0.460068 -0.20251 24.0 X Y 110 R-SS
126.328 1.209 35.0 2.73711 -0.262234 -2.47488 -0.28295 0.255816 -0.879883 25.0 X Y 111 R
125.94 0.852 30.4 -0.13967 1.16204 -1.02236 -0.0627643 -0.629372 -1.75208 24.0 X Y 112 SS
126.25 0.68 40.0 5.05121 0.121618 -5.17283 -1.53224 0.784722 -1.586 23.0 X Y 113 R
126.361 1.204 31.3 0.973633 0.0234421 -0.997076 -0.295342 0.151257 -0.305705 24.0 X Y 114 R
126.407 1.561 35.0 -0.2131 0.207886 0.00521494 -3.00996 0.476731 -0.0329258 24.0 X Y 115 N
126.04 0.92 30.0 5.53818 -0.766249 -4.77193 -0.726378 -0.386607 -1.98261 23.0 X Y 116 R
126.448 1.165 50.0 0.147806 1.62051 -1.76831 0.657064 -2.01223 -2.787 24.0 X Y 117 SS-R
126.421 1.147 37.6 3.44365 -0.439765 -3.00388 -0.245347 -0.298318 -1.15575 23.0 X Y 118 R
126.14 1.35 30.0 2.79895 -1.71731 -1.08164 -0.935043 -2.44452 -1.73849 23.0 X Y 119 R
126.18 1.49 28.9 0.108124 -2.44068 2.33255 -0.675888 0.543033 -5.01661 23.0 X Y 120 SS
126.7 2.07 36.1 1.56947 -0.392367 -1.1771 0.110287 0.191023 -0.6796 24.0 X Y 121 R
126.463 1.589 30.9 5.7618 -1.04074 -4.72106 -0.756641 -5.24154 -2.60087 23.0 X Y 122 R
126.485 1.632 37.3 1.42976 1.70977 -3.13953 -1.8754 0.299139 -1.94226 23.0 X Y 123 SS-R
126.65 1.94 29.1 5.98972 1.29735 -7.28707 3.09289 -2.8603 0.133443 23.0 X Y 124 R-SS
126.304 1.005 41.6 9.34731 -3.96853 -5.37877 -0.939672 -0.926407 -4.62142 23.0 X Y 125 R
126.173 0.848 15.0 1.40923 1.67521 -3.08443 1.80334 -0.925678 -2.71274 24.0 X Y 126 SS-R
126.45 1.73 36.1 0.529667 0.178696 -0.708363 -0.753382 0.825002 -2.50758 23.0 X Y 127 SS-R
126.158 0.958 37.5 0.432865 -0.533403 0.100538 0.050123 0.602201 0.700228 24.0 X Y 128 SS-R
126.1 1.12 23.0 7.3169 -0.247324 -7.06957 -0.30759 -5.046 -1.44484 24.0 X Y 129 R
126.31 1.36 30.0 6.98336 -0.151881 -6.83148 -1.41342 2.74382 -2.41653 23.0 X Y 130 R
126.383 1.244 32.9 3.49338 -0.340094 -3.15329 -0.811704 -0.851557 -1.13513 23.0 X Y 131 R
126.69 2.17 10.0 1.41642 -0.0646703 -1.35175 0.123412 -0.64148 -0.407837 24.0 X Y 132 R
126.259 1.009 39.8 0.740374 0.507319 -1.24769 0.642003 -0.626795 -0.839859 24.0 X Y 133 SS-R
126.38 1.26 10.0 2.47492 -0.393853 -2.08106 0.326796 0.0757868 -0.944167 25.0 X Y 134 R
126.44 1.51 31.2 7.54991 -0.810841 -6.73907 1.78466 -0.0469671 -2.89339 23.0 X Y 135 R
126.42 1.482 31.2 8.37417 -0.899365 -7.4748 1.97949 -0.0520947 -3.20928 23.0 X Y 136 R
126.407 1.55 18.2 -5.09854 -0.293526 5.39207 -1.4184 7.40135 3.3361 23.0 X Y 137 N
126.35 1.42 10.0 7.84088 0.026672 -7.86756 -0.597701 0.91621 -0.457966 23.0 X Y 138 R
126.52 1.64 30.0 3.92248 -0.731856 -3.19062 -0.521813 -0.101965 -1.58602 23.0 X Y 139 R
126.426 1.182 29.1 7.01533 -0.449432 -6.56589 -2.12482 -1.76582 -2.23326 23.0 X Y 140 R
126.49 1.63 10.0 7.86971 -0.548947 -7.32076 0.217161 -0.949574 -2.0575 23.0 X Y 141 R
126.34 1.36 35.0 0.178734 0.881735 -1.06047 -0.541076 0.211536 -1.63602 23.0 X Y 142 SS
126.68 1.72 10.0 1.20652 1.81794 -3.02445 -1.86462 0.315843 -2.30617 23.0 X Y 143 SS-R
125.96 0.83 31.4 2.80082 -0.00807337 -2.79275 -0.150643 -0.218949 0.22497 23.0 X Y 144 R
126.63 1.58 10.0 3.37408 0.0981174 -3.4722 -1.51252 -0.170716 -1.34423 23.0 X Y 145 R
126.337 1.506 30.4 0.779316 0.364493 -1.14381 0.640767 -0.0487337 -0.471578 24.0 X Y 146 R-SS
126.217 1.327 33.7 3.97086 -0.116347 -3.85451 0.599675 -0.57094 -0.988729 23.0 X Y 147 R
126.42 2.01 35.3 4.71859 -0.0387071 -4.67988 -1.74893 -2.27123 -1.14961 23.0 X Y 148 R
126.28 1.362 30.0 4.1968 -0.975043 -3.22176 -0.49671 1.33084 -2.0984 23.0 X Y 149 R
126.219 1.333 28.6 4.83926 -1.19726 -3.64199 -1.1207 1.02888 -2.60984 24.0 X Y 150 R
126.427 1.376 28.8 3.97137 -0.200963 -3.77041 0.0624701 0.270588 -0.870468 23.0 X Y 151 R
126.26 1.7 25.8 2.46222 -0.616516 -1.8457 -1.03804 -0.775777 -1.15729 23.0 X Y 152 R
126.42 1.58 25.9 0.632729 0.512554 -1.14528 -1.07691 0.0696939 -1.35245 23.0 X Y 153 SS-R
126.426 1.497 31.0 2.14945 0.609689 -2.75914 1.55334 -1.00954 -2.01729 23.0 X Y 154 R-SS
126.44 1.446 36.5 5.36653 -0.855566 -4.51096 -0.53729 -0.601629 -1.98021 23.0 X Y 155 R
126.533 1.799 33.9 1.72836 -0.821105 -0.907255 -0.78162 -0.217318 -0.949452 24.0 X Y 156 R
126.423 1.749 34.2 1.61344 0.348551 -1.962 0.880737 -0.482105 0.264525 24.0 X Y 157 R-SS
126.29 1.71 33.0 1.35829 -3.22825 1.86996 1.45025 2.32194 -0.687516 23.0 X Y 158 R-SS
126.62 2.1 30.8 5.57898 -0.218559 -5.36043 0.480005 0.326494 -1.15424 23.0 X Y 159 R
126.391 1.868 30.8 4.71873 -3.66011 -1.05862 2.98146 0.365837 -2.22366 24.0 X Y 160 R
126.6 2.2 32.3 3.69645 -0.387094 -3.30936 0.182678 -1.32938 -1.29056 23.0 X Y 161 R
126.458 1.966 35.2 1.62736 -0.451499 -1.17586 -0.182629 -0.714287 -0.758277 26.0 X Y 162 R
126.55 2.02 32.3 1.63994 -1.42092 -0.219021 0.442671 2.95828 -2.12682 23.0 X Y 163 R-SS
126.19 1.87 33.9 1.4213 -1.4859 0.0645944 0.61824 -0.696084 -0.999116 23.0 X Y 164 R-SS
126.47 2.14 35.1 1.03889 -0.262222 -0.776669 -0.181143 -0.381757 -0.45248 24.0 X Y 165 R
126.269 1.535 35.0 3.73466 -0.081001 -3.65366 1.39793 -1.8462 -2.35216 24.0 X Y 166 R-SS
126.549 2.116 34.5 1.96492 -0.0368273 -1.92809 -0.345354 -0.813162 -0.327036 24.0 X Y 167 R
126.522 2.116 33.4 4.48848 -0.690491 -3.79799 -0.780769 -1.63746 -1.62092 25.0 X Y 168 R
126.349 1.14 30.0 -0.103428 -0.550089 0.653517 -0.464024 -0.629632 -0.203344 24.0 X Y 169 SS-N
126.385 1.659 32.4 4.27327 -1.44995 -2.82332 -1.73927 0.282844 -2.59155 23.0 X Y 170 R
126.42 1.72 34.6 1.98403 -0.598796 -1.38523 -0.0951547 -0.18735 -0.911052 23.0 X Y 171 R
126.335 1.722 46.1 0.577441 -0.218346 -0.359095 -0.403768 0.30016 -0.71773 24.0 X Y 172 R-SS
126.5 2.0 44.7 7.33686 -2.65315 -4.6837 2.13343 2.13656 -3.54633 23.0 X Y 173 R
126.61 2.2 35.8 1.03131 -0.110843 -0.920469 -0.270634 -0.32276 -0.346311 24.0 X Y 174 R
126.487 1.679 42.0 4.26279 -0.415318 -3.84747 0.00260863 0.640717 -1.27942 24.0 X Y 175 R
126.646 2.091 50.0 3.10561 -0.616123 -2.48949 -0.327639 -0.972116 -1.24573 24.0 X Y 176 R
126.41 1.9 33.3 2.81495 -1.48664 -1.32831 -0.0257074 -0.118356 -1.40691 23.0 X Y 177 R
126.37 1.91 31.3 0.0336411 1.52037 -1.55401 0.231391 -0.440714 -2.30905 23.0 X Y 178 SS
126.508 1.859 49.8 3.66232 -0.838009 -2.82431 0.0949635 -0.880146 -1.62017 25.0 X Y 179 R
126.59 1.79 45.9 4.50516 -0.088432 -4.41673 2.15713 -0.670908 -2.57168 23.0 X Y 180 R-SS
126.491 1.51 34.8 3.48582 -0.266005 -3.21982 1.64762 -0.35956 -2.0146 23.0 X Y 181 R-SS
126.301 1.436 46.0 3.90678 -0.049435 -3.85735 -1.19003 0.963669 -1.59233 24.0 X Y 182 R
126.103 0.871 40.8 3.26451 0.330777 -3.59529 1.32766 -0.369548 -1.02252 23.0 X Y 183 R-SS
126.423 1.53 21.4 -4.01446 0.536102 3.47836 0.368877 3.26934 1.57049 23.0 X Y 184 N
126.291 1.131 19.9 5.60733 -1.50577 -4.10156 1.24911 0.526152 -2.60407 23.0 X Y 185 R
126.318 1.312 41.5 4.06463 -0.425639 -3.639 -1.16088 -0.0226268 -1.65351 25.0 X Y 186 R
126.15 0.994 34.2 0.271159 4.84705 -5.11821 -4.54614 4.17092 0.387369 23.0 X Y 187 SS-R
126.57 1.6 38.0 2.74855 -0.625694 -2.12286 -0.021904 -0.569812 -1.17976 23.0 X Y 188 R
126.392 1.703 47.5 1.56641 -1.15373 -0.412685 -1.31821 4.03383 1.54928 23.0 X Y 189 R
126.369 1.214 26.8 0.803581 0.70971 -1.51329 1.04013 -1.12657 -0.0550575 24.0 X Y 190 R-SS
126.19 1.75 30.2 1.80502 -0.345272 -1.45975 -0.214286 -0.808807 -0.725868 23.0 X Y 191 R
126.59 1.91 36.3 1.09683 -0.275884 -0.820947 0.106307 -0.135371 -0.502739 24.0 X Y 192 R
126.442 1.113 38.6 1.20578 -0.213255 -0.992523 -0.369805 -0.867769 -0.460662 24.0 X Y 193 R
126.263 1.634 30.0 5.00431 -0.998009 -4.0063 -1.9982 1.0665 -3.18321 23.0 X Y 194 R-SS
126.39 1.53 40.5 4.31463 -0.463324 -3.85131 -0.802468 0.155984 -1.56611 24.0 X Y 195 R
126.16 0.81 31.7 1.74146 0.688918 -2.43038 -1.71279 -0.0201197 -1.53588 24.0 X Y 196 R-SS
126.67 2.26 34.6 3.83605 -0.0501664 -3.78589 -0.598212 0.531003 -0.826882 23.0 X Y 197 R
126.54 1.25 25.5 -0.648828 3.63595 -2.98712 -2.23551 -1.42435 -3.6489 23.0 X Y 198 SS-N
126.36 1.77 41.9 1.74167 -0.111047 -1.63062 0.0346521 -0.336731 -0.441986 25.0 X Y 199 R
126.36 0.81 28.4 3.86959 -0.283431 -3.58616 -0.689227 0.164798 1.17875 23.0 X Y 200 R
126.21 0.82 30.8 3.77007 0.143973 -3.91404 -0.736742 -0.713876 0.140006 23.0 X Y 201 R
126.24 0.68 26.5 3.88459 -0.0169224 -3.86767 0.244503 -0.81766 0.309828 23.0 X Y 202 R
126.36 1.46 31.5 1.54648 -0.253434 -1.29305 -0.143217 0.221949 -0.614985 24.0 X Y 203 R
126.44 1.78 30.3 1.58079 -0.124579 -1.45621 0.0129732 0.111624 -0.426345 24.0 X Y 204 R
126.26 1.78 29.2 1.79378 -0.0717959 -1.72198 -0.794297 0.409249 -1.05805 24.0 X Y 205 R-SS
126.23 1.73 30.1 2.1409 -0.476482 -1.66442 -0.440176 0.143022 -1.00363 24.0 X Y 206 R
126.42 1.71 29.9 3.14689 -0.723285 -2.4236 0.241466 0.12706 -1.33251 24.0 X Y 207 R
126.37 1.71 26.1 2.82613 -0.254781 -2.57135 -0.156357 1.29398 -0.984525 24.0 X Y 208 R
126.29 1.74 27.5 2.90912 -0.312576 -2.59654 -0.626808 0.638299 -1.24432 24.0 X Y 209 R
126.21 1.72 33.4 4.28791 -1.41776 -2.87015 -0.590848 -1.09431 -2.02212 24.0 X Y 210 R
126.26 1.8 33.0 4.39629 -0.420239 -3.97606 -0.434193 0.382579 -1.40043 24.0 X Y 211 R
126.15 1.64 36.0 1.14379 -0.0262757 -1.11751 0.253663 -0.308073 -0.38309 25.0 X Y 212 R
126.1 1.72 26.2 1.27026 -0.0754643 -1.1948 -0.821463 -0.854554 -0.483546 25.0 X Y 213 R
126.26 1.65 34.2 0.891639 1.63035 -2.52199 1.29642 -1.21153 -2.79172 23.0 X Y 214 SS-R
126.45 1.66 29.8 0.0 2.86331 -2.86331 0.063956 0.0271477 -2.76506 23.0 X Y 215 SS
126.24 1.84 30.2 5.13473 -0.443668 -4.69106 -0.104239 -2.22448 -1.54254 23.0 X Y 216 R
126.08 1.72 32.4 5.00745 0.569098 -5.57654 -1.76307 -0.259366 -0.446069 23.0 X Y 217 R
126.41 1.81 32.7 7.75463 0.113035 -7.86766 -0.967704 -0.99825 0.373113 23.0 X Y 218 R
126.25 1.69 28.8 0.711312 0.186216 -0.897528 -0.633232 0.127746 -0.703201 25.0 X Y 219 R-SS
126.16 1.8 27.3 8.08296 -0.442173 -7.64078 -1.97577 -3.02014 -2.11003 24.0 X Y 220 R
126.34 1.56 28.6 2.4985 -0.873047 -1.62546 0.132941 -1.05887 -1.40747 23.0 X Y 221 R
126.22 1.89 30.7 3.21118 0.138307 -3.34949 -1.20189 -1.84314 -0.481929 23.0 X Y 222 R
126.37 1.67 27.5 1.04526 1.02676 -2.07202 1.17989 0.607732 -0.174211 24.0 X Y 223 R-SS
126.33 1.53 41.3 1.18566 -0.255096 -0.930561 -0.281005 -0.299233 -0.497985 25.0 X Y 224 R
126.27 1.35 30.8 5.3131 0.101621 -5.41472 1.04956 1.20548 -0.537308 23.0 X Y 225 R
126.33 1.43 21.7 -1.97918 0.141156 1.83803 -0.138529 -0.127208 -0.536638 23.0 X Y 226 N
126.36 1.37 40.3 5.28106 0.334443 -5.6155 -1.3452 0.0973918 0.189909 23.0 X Y 227 R
126.43 1.97 37.2 0.98963 -0.635349 -0.354281 -0.650549 -0.42524 -0.475998 25.0 X Y 228 R
126.18 1.75 24.5 4.05199 0.806073 -4.85806 2.107 2.61696 -0.0161583 23.0 X Y 229 R-SS
126.12 0.69 30.7 0.858725 0.103079 -0.961804 -0.467219 0.103144 -0.439821 24.0 X Y 230 R-SS
126.31 0.82 30.5 2.6468 -0.437904 -2.2089 -0.631658 0.240689 -1.20337 23.0 X Y 231 R
126.62 1.88 38.0 2.0407 -0.423641 -1.61706 0.711908 0.106164 -1.00717 24.0 X Y 232 R
126.52 2.19 35.8 1.53117 -0.258357 -1.27282 -0.288142 -0.244999 -0.594294 24.0 X Y 233 R
126.06 0.93 32.1 1.09733 -0.123898 -0.973434 -0.0903261 -0.215583 -0.347504 24.0 X Y 234 R
126.16 0.92 31.0 5.83545 0.115584 -5.95103 -1.04587 1.73008 -0.991641 24.0 X Y 235 R
126.13 1.32 41.1 3.03931 -0.440122 -2.59919 -0.299953 -0.81945 -1.07008 24.0 X Y 236 R
126.08 0.91 31.5 2.05621 0.71223 -2.76844 -1.22495 -0.488472 0.0662489 23.0 X Y 237 R-SS
126.68 2.28 33.5 1.06806 -0.290826 -0.77723 -0.272644 -0.0517389 -0.516921 24.0 X Y 238 R
126.07 0.85 30.6 2.92358 1.08752 -4.0111 -1.98603 -1.7598 0.0437074 24.0 X Y 239 R-SS
126.33 1.74 33.4 2.04517 -0.489133 -1.55604 -0.430833 0.478489 -1.08429 24.0 X Y 240 R
126.33 1.9 30.4 6.0302 -4.60208 -1.42812 -0.232921 1.32326 -2.86609 24.0 X Y 241 R
126.45 2.21 34.9 1.05371 -0.0775129 -0.976197 -0.0814555 -0.376139 -0.275993 24.0 X Y 242 R
