125.952   -2.608  20.0  315.0  25.0  90.0  8.2  X   Y   0
126.688   -5.401  10.0  235.0  69.0  21.0  6.2  X   Y   1
118.243   4.924  13.2  327.0  83.0  -20.0  6.28  X   Y   2
126.15   -2.88  43.4  91.0  83.0  3.0  6.3  X   Y   3
118.965   -7.715  20.0  171.0  76.0  -162.0  5.5  X   Y   4
126.11   -2.31  15.0  104.0  43.0  -75.0  6.2  X   Y   5
126.656   -1.955  25.0  264.0  48.0  -104.0  6.25  X   Y   6
123.377   -4.267  30.0  123.0  24.0  19.0  5.44  X   Y   7
124.597   4.664  35.0  135.0  88.0  -14.0  6.22  X   Y   8
121.26   -2.12  36.4  2.0  46.0  56.0  5.2  X   Y   9
119.8   -2.95  15.0  18.0  36.0  -150.0  5.9  X   Y   10
125.744   -6.201  40.3  305.0  88.0  163.0  6.41  X   Y   11
121.98   -3.55  15.0  110.0  22.0  -22.0  6.1  X   Y   12
124.676   -1.947  18.2  103.0  59.0  -14.0  5.33  X   Y   13
125.21   -2.46  36.0  103.0  59.0  -14.0  5.3  X   Y   14
118.38   4.748  15.0  122.0  72.0  20.0  5.55  X   Y   15
118.91   4.41  15.0  25.0  71.0  161.0  5.5  X   Y   16
118.85   -4.22  15.7  38.0  24.0  100.0  5.6  X   Y   17
124.23   -7.99  34.8  134.0  38.0  -140.0  5.2  X   Y   18
121.31   -2.22  26.3  20.0  59.0  -146.0  5.6  X   Y   19
126.631   -1.874  20.2  174.0  49.0  -64.0  5.46  X   Y   20
123.36   -7.85  39.8  6.0  78.0  7.0  5.9  X   Y   21
122.614   -5.968  30.0  258.0  61.0  111.0  5.55  X   Y   22
123.26   -6.08  18.0  40.0  35.0  57.0  5.5  X   Y   23
118.779   -2.803  28.1  194.0  74.0  90.0  6.66  X   Y   24
125.978   -4.784  39.5  246.0  79.0  -13.0  6.15  X   Y   25
123.193   -3.433  20.0  179.0  22.0  97.0  5.35  X   Y   26
119.42   -2.43  40.5  44.0  61.0  165.0  5.9  X   Y   27
120.24   -2.17  10.6  307.0  41.0  -19.0  5.5  X   Y   28
119.625   -2.034  20.0  51.0  78.0  -130.0  5.53  X   Y   29
119.61   -2.036  20.0  312.0  72.0  -28.0  6.39  X   Y   30
119.625   -2.14  20.0  153.0  88.0  53.0  5.89  X   Y   31
119.729   -1.989  45.0  14.0  87.0  -174.0  6.65  X   Y   32
119.38   -1.32  43.9  283.0  84.0  -3.0  6.6  X   Y   33
125.64   -2.3  13.6  309.0  15.0  146.0  5.5  X   Y   34
125.596   4.054  31.7  187.0  61.0  100.0  5.58  X   Y   35
125.428   3.724  19.9  359.0  29.0  76.0  5.25  X   Y   36
124.88   3.63  34.4  359.0  29.0  76.0  5.2  X   Y   37
125.3   -2.033  30.0  69.0  83.0  -14.0  5.92  X   Y   38
125.21   1.51  29.6  56.0  60.0  8.0  5.1  X   Y   39
122.141   -0.297  20.0  176.0  87.0  9.0  5.52  X   Y   40
123.266   -3.759  19.9  330.0  73.0  69.0  5.82  X   Y   41
121.18   -7.94  30.4  83.0  45.0  139.0  6.6  X   Y   42
126.311   -2.946  25.0  61.0  62.0  29.0  5.12  X   Y   43
126.03   -2.36  34.6  61.0  62.0  29.0  5.1  X   Y   44
125.162   -2.134  22.1  71.0  62.0  -21.0  5.12  X   Y   45
121.154   -7.909  25.0  87.0  83.0  171.0  5.59  X   Y   46
122.68   -0.47  33.0  229.0  41.0  -156.0  5.1  X   Y   47
123.77   1.92  38.1  59.0  32.0  56.0  5.5  X   Y   48
123.97   2.12  33.0  58.0  17.0  57.0  5.3  X   Y   49
119.57   -2.84  15.0  264.0  55.0  -15.0  5.2  X   Y   50
124.014   1.038  30.9  322.0  48.0  67.0  5.79  X   Y   51
124.043   1.089  30.7  352.0  40.0  107.0  5.28  X   Y   52
124.023   1.141  34.8  153.0  49.0  97.0  6.06  X   Y   53
126.516   -7.469  25.0  283.0  59.0  106.0  6.57  X   Y   54
122.4   -7.61  43.7  14.0  83.0  -1.0  5.8  X   Y   55
126.81   -3.42  33.0  212.0  82.0  -178.0  5.1  X   Y   56
124.081   1.055  33.6  334.0  52.0  107.0  5.94  X   Y   57
124.186   1.109  30.0  273.0  52.0  84.0  5.7  X   Y   58
124.117   1.024  32.2  97.0  50.0  95.0  5.95  X   Y   59
124.04   1.1  17.8  280.0  41.0  83.0  5.8  X   Y   60
119.5   -1.6  31.0  68.0  72.0  173.0  5.1  X   Y   61
126.65   -3.22  15.0  72.0  61.0  -3.0  5.2  X   Y   62
126.732   -3.088  17.3  72.0  61.0  -3.0  5.24  X   Y   63
120.1   -4.4  25.0  203.0  43.0  91.0  5.5  X   Y   64
120.72   -4.06  43.5  203.0  43.0  91.0  5.3  X   Y   65
124.3   -1.0  34.0  309.0  10.0  127.0  5.8  X   Y   66
122.43   2.11  47.9  98.0  35.0  102.0  5.2  X   Y   67
122.7   0.5  46.0  274.0  24.0  -138.0  5.3  X   Y   68
125.0   1.2  36.0  35.0  11.0  122.0  6.3  X   Y   69
126.9   -2.56  42.5  42.0  41.0  -6.0  5.4  X   Y   70
119.81   -2.97  33.0  216.0  68.0  177.0  5.3  X   Y   71
120.8   2.0  39.0  39.0  73.0  -3.0  5.1  X   Y   72
120.858   1.965  30.0  130.0  88.0  -163.0  5.65  X   Y   73
121.1   -1.6  50.0  142.0  74.0  16.0  5.2  X   Y   74
121.0   -0.25  43.2  142.0  74.0  16.0  5.2  X   Y   75
121.3   -2.7  30.0  24.0  81.0  178.0  4.8  X   Y   76
121.183   -2.369  35.0  24.0  81.0  178.0  5.23  X   Y   77
121.93   -1.89  49.0  24.0  81.0  178.0  5.2  X   Y   78
125.48   -1.99  33.0  280.0  70.0  -5.0  5.3  X   Y   79
123.61   0.46  33.0  109.0  57.0  -24.0  5.0  X   Y   80
123.473   0.451  47.5  109.0  57.0  -24.0  5.04  X   Y   81
122.0   0.6  35.0  185.0  37.0  -93.0  5.5  X   Y   82
119.3   1.0  33.0  165.0  72.0  161.0  4.7  X   Y   83
124.734   -2.006  35.2  297.0  62.0  3.0  5.44  X   Y   84
127.039   -3.913  36.2  279.0  33.0  101.0  5.25  X   Y   85
120.97   1.79  33.0  47.0  24.0  38.0  5.1  X   Y   86
120.453   0.332  28.5  200.0  63.0  -102.0  5.66  X   Y   87
120.58   1.75  33.0  95.0  21.0  82.0  5.2  X   Y   88
119.2   0.8  31.0  142.0  57.0  175.0  4.8  X   Y   89
117.58   -7.978  28.5  229.0  68.0  9.0  5.1  X   Y   90
124.4   -1.13  35.3  313.0  65.0  27.0  5.1  X   Y   91
119.7   -3.9  33.0  13.0  40.0  110.0  6.0  X   Y   92
124.61   -1.19  34.5  206.0  81.0  175.0  5.5  X   Y   93
124.02   -0.883  49.4  297.0  85.0  9.0  5.52  X   Y   94
125.56   -2.24  31.5  109.0  66.0  22.0  5.3  X   Y   95
120.99   1.8  38.3  268.0  69.0  -3.0  5.0  X   Y   96
124.06   -6.1  46.0  37.0  27.0  89.0  5.1  X   Y   97
125.4   -2.9  8.0  181.0  29.0  130.0  5.0  X   Y   98
126.23   -2.761  30.0  181.0  29.0  130.0  5.22  X   Y   99
122.7   -0.6  34.0  166.0  56.0  147.0  4.8  X   Y   100
124.5   4.85  36.8  201.0  33.0  129.0  5.3  X   Y   101
120.55   0.32  30.3  355.0  31.0  35.0  6.0  X   Y   102
123.154   -3.493  25.0  222.0  53.0  -102.0  5.61  X   Y   103
124.818   -1.924  25.0  196.0  65.0  -150.0  7.71  X   Y   104
123.713   -1.274  25.0  332.0  86.0  5.0  5.92  X   Y   105
126.5   -2.79  15.0  149.0  41.0  142.0  5.7  X   Y   106
123.4   -4.5  45.0  308.0  51.0  -25.0  5.0  X   Y   107
121.496   -0.381  42.0  93.0  58.0  -31.0  5.44  X   Y   108
124.21   0.97  39.4  227.0  30.0  70.0  5.3  X   Y   109
122.578   -1.715  25.0  216.0  86.0  -170.0  6.13  X   Y   110
122.606   -1.761  24.2  145.0  74.0  21.0  5.53  X   Y   111
121.1   -0.6  0.0  265.0  43.0  -93.0  5.7  X   Y   112
120.736   -7.931  25.0  88.0  50.0  118.0  5.74  X   Y   113
122.83   -7.03  33.0  234.0  40.0  70.0  5.1  X   Y   114
121.28   -7.7  41.1  234.0  40.0  70.0  5.6  X   Y   115
120.76   -0.27  33.0  45.0  37.0  -76.0  5.1  X   Y   116
124.71   4.64  28.0  203.0  58.0  -168.0  5.2  X   Y   117
123.551   -1.12  30.0  319.0  83.0  26.0  7.53  X   Y   118
123.59   -1.29  18.6  225.0  64.0  172.0  7.5  X   Y   119
123.1   -1.54  33.0  219.0  77.0  175.0  4.7  X   Y   120
123.376   -1.212  30.0  310.0  85.0  13.0  5.69  X   Y   121
123.409   -1.437  30.0  336.0  58.0  48.0  5.55  X   Y   122
123.197   -4.34  20.0  16.0  64.0  70.0  6.24  X   Y   123
123.57   -1.41  21.0  223.0  67.0  -178.0  4.3  X   Y   124
118.31   1.3  21.0  68.0  16.0  64.0  4.4  X   Y   125
118.392   1.065  17.8  68.0  16.0  64.0  5.41  X   Y   126
121.53   0.29  33.0  5.0  63.0  -19.0  5.5  X   Y   127
123.312   -1.373  15.0  218.0  80.0  153.0  5.51  X   Y   128
123.344   -5.809  15.0  261.0  18.0  89.0  5.17  X   Y   129
122.84   -5.3  33.0  261.0  18.0  89.0  5.0  X   Y   130
124.0   -1.62  33.0  42.0  77.0  178.0  5.5  X   Y   131
121.12   -1.09  33.0  211.0  42.0  98.0  4.3  X   Y   132
122.16   0.28  33.0  351.0  45.0  48.0  4.6  X   Y   133
125.16   -7.24  28.1  296.0  30.0  69.0  5.3  X   Y   134
122.53   -5.35  33.0  296.0  30.0  69.0  4.2  X   Y   135
124.15   -5.29  33.0  180.0  42.0  -155.0  4.8  X   Y   136
125.61   -1.17  33.0  223.0  26.0  92.0  5.4  X   Y   137
123.39   -3.9  33.0  228.0  11.0  142.0  5.0  X   Y   138
123.28   -4.258  20.0  355.0  83.0  82.0  5.59  X   Y   139
123.82   -3.9  16.0  228.0  11.0  142.0  5.6  X   Y   140
120.637   -7.426  25.0  14.0  28.0  70.0  5.4  X   Y   141
121.22   -7.32  39.0  14.0  28.0  70.0  5.4  X   Y   142
125.34   1.39  15.0  313.0  11.0  -177.0  5.2  X   Y   143
123.951   -4.1  15.0  89.0  86.0  13.0  7.45  X   Y   144
124.11   -4.31  18.8  358.0  77.0  176.0  7.4  X   Y   145
124.26   -5.2  34.1  185.0  72.0  -172.0  5.3  X   Y   146
124.33   -3.86  15.0  97.0  44.0  9.0  5.4  X   Y   147
124.044   -4.964  30.0  101.0  76.0  17.0  5.65  X   Y   148
119.0   -1.0  33.0  170.0  50.0  12.0  5.0  X   Y   149
126.08   -2.07  21.0  277.0  19.0  -160.0  5.4  X   Y   150
120.07   -3.66  33.0  272.0  30.0  -7.0  4.5  X   Y   151
122.5   -0.7  21.0  221.0  64.0  175.0  5.3  X   Y   152
119.41   -1.11  35.0  100.0  37.0  -165.0  4.7  X   Y   153
123.295   -4.174  15.0  225.0  27.0  143.0  5.42  X   Y   154
122.52   -3.89  33.0  225.0  27.0  143.0  4.8  X   Y   155
125.08   -1.28  32.0  217.0  16.0  119.0  4.8  X   Y   156
125.533   3.461  35.0  46.0  44.0  126.0  5.42  X   Y   157
125.42   3.71  48.0  46.0  44.0  126.0  5.4  X   Y   158
119.39   -0.92  21.0  9.0  20.0  49.0  5.0  X   Y   159
124.27   1.16  33.0  199.0  50.0  -5.0  5.1  X   Y   160
124.23   0.71  24.6  199.0  50.0  -5.0  5.1  X   Y   161
121.361   -1.314  20.0  210.0  52.0  112.0  6.16  X   Y   162
121.3   -1.26  15.0  357.0  43.0  65.0  6.2  X   Y   163
123.2   -1.16  34.0  224.0  62.0  154.0  4.9  X   Y   164
121.03   1.51  41.8  125.0  17.0  113.0  5.5  X   Y   165
123.97   -0.81  41.4  91.0  74.0  -175.0  5.1  X   Y   166
124.95   -1.61  26.2  319.0  53.0  8.0  5.4  X   Y   167
123.98   -1.64  30.0  319.0  53.0  8.0  5.4  X   Y   168
121.27   -2.88  33.0  281.0  23.0  -84.0  5.0  X   Y   169
121.94   -7.86  15.0  299.0  10.0  74.0  5.2  X   Y   170
125.96   -3.54  35.0  61.0  69.0  2.0  4.9  X   Y   171
123.08   0.67  9.4  147.0  39.0  143.0  4.7  X   Y   172
125.5   -2.44  43.0  345.0  41.0  121.0  5.1  X   Y   173
125.081   -2.074  15.0  126.0  56.0  66.0  5.58  X   Y   174
123.2   -7.63  33.0  230.0  39.0  26.0  4.9  X   Y   175
124.9   -6.69  33.0  167.0  36.0  -163.0  5.3  X   Y   176
124.65   0.81  33.0  45.0  71.0  3.0  5.0  X   Y   177
122.5   -5.9  33.0  30.0  40.0  88.0  4.8  X   Y   178
122.7   -5.06  17.9  30.0  40.0  88.0  4.8  X   Y   179
120.43   4.8  25.0  318.0  41.0  83.0  5.0  X   Y   180
120.02   -2.88  33.0  318.0  41.0  83.0  4.3  X   Y   181
125.87   -2.8  20.0  92.0  45.0  -103.0  5.3  X   Y   182
126.101   -3.389  10.0  92.0  45.0  -103.0  5.33  X   Y   183
124.8   -6.6  33.0  49.0  73.0  -174.0  5.0  X   Y   184
126.596   -2.006  15.0  90.0  51.0  -48.0  5.18  X   Y   185
122.3   -5.9  33.0  41.0  49.0  121.0  6.9  X   Y   186
122.174   -5.652  11.6  179.0  49.0  59.0  6.44  X   Y   187
122.41   -5.62  20.2  161.0  37.0  88.0  4.9  X   Y   188
126.5   -2.8  18.7  27.0  38.0  93.0  5.6  X   Y   189
125.9   -2.8  33.0  80.0  44.0  -141.0  4.7  X   Y   190
123.7   -5.4  30.0  225.0  31.0  -134.0  5.1  X   Y   191
123.733   -7.862  15.0  101.0  60.0  171.0  5.09  X   Y   192
117.898   1.57  15.0  120.0  38.0  93.0  5.4  X   Y   193
124.05   -0.64  13.9  14.0  35.0  -5.0  5.0  X   Y   194
123.108   -5.17  15.0  318.0  75.0  51.0  5.58  X   Y   195
126.79   -4.71  15.0  221.0  80.0  -2.0  6.1  X   Y   196
126.865   -4.672  16.0  97.0  62.0  106.0  5.79  X   Y   197
126.21   -2.87  10.0  140.0  39.0  79.0  5.4  X   Y   198
126.21   -2.86  21.0  175.0  44.0  121.0  5.0  X   Y   199
121.637   -4.045  15.0  114.0  44.0  -110.0  5.19  X   Y   200
119.287   -3.738  31.8  209.0  46.0  110.0  5.07  X   Y   201
126.18   -3.7  25.1  345.0  83.0  176.0  5.1  X   Y   202
123.54   -3.56  0.6  96.0  33.0  -74.0  5.4  X   Y   203
123.308   -3.615  15.0  96.0  33.0  -74.0  5.08  X   Y   204
119.43   -1.35  33.0  28.0  19.0  95.0  5.8  X   Y   205
119.546   -1.444  16.1  28.0  19.0  95.0  5.18  X   Y   206
125.82   -0.9  32.4  234.0  37.0  44.0  5.1  X   Y   207
122.49   -7.55  20.9  129.0  82.0  177.0  5.1  X   Y   208
123.46   2.54  33.0  67.0  45.0  78.0  6.3  X   Y   209
122.721   -5.882  15.0  207.0  48.0  63.0  5.39  X   Y   210
118.03   -3.536  40.0  261.0  53.0  128.0  5.78  X   Y   211
121.8   -7.98  21.2  105.0  79.0  175.0  5.0  X   Y   212
118.28   4.66  12.0  134.0  80.0  8.0  5.0  X   Y   213
122.66   -0.62  40.0  177.0  63.0  -20.0  5.8  X   Y   214
120.64   0.2  33.0  314.0  35.0  35.0  6.5  X   Y   215
122.0   -1.48  10.0  119.0  29.0  121.0  5.3  X   Y   216
126.64   -2.91  15.0  325.0  79.0  180.0  5.2  X   Y   217
122.14   2.14  29.6  250.0  29.0  37.0  5.2  X   Y   218
126.415   -4.073  18.4  344.0  80.0  176.0  5.13  X   Y   219
124.4   4.65  27.3  149.0  84.0  5.0  5.2  X   Y   220
129.98   2.44  22.5  40.0  42.0  133.0  5.4  X   Y   221
123.228   -3.557  15.0  240.0  52.0  -107.0  5.75  X   Y   222
123.242   -3.62  15.0  84.0  50.0  -55.0  5.39  X   Y   223
123.262   -3.572  15.0  72.0  38.0  -89.0  5.49  X   Y   224
125.93   -7.34  10.0  318.0  69.0  169.0  5.6  X   Y   225
126.05   -7.38  20.3  318.0  69.0  169.0  4.9  X   Y   226
118.877   -7.998  17.6  88.0  22.0  96.0  4.98  X   Y   227
122.41   -0.8  10.0  128.0  39.0  -62.0  5.8  X   Y   228
119.397   -1.478  15.0  348.0  66.0  0.0  5.36  X   Y   229
123.749   -1.202  28.5  218.0  61.0  158.0  5.11  X   Y   230
123.66   -1.27  10.0  218.0  61.0  158.0  5.5  X   Y   231
123.68   -1.19  28.5  218.0  61.0  158.0  5.1  X   Y   232
124.68   -0.98  10.0  161.0  34.0  83.0  5.6  X   Y   233
124.84   -0.88  36.2  161.0  34.0  83.0  5.1  X   Y   234
126.494   -7.613  20.0  108.0  72.0  169.0  5.01  X   Y   235
125.5   1.54  30.0  190.0  44.0  72.0  5.0  X   Y   236
126.56   -4.76  19.0  82.0  76.0  4.0  5.0  X   Y   237
122.05   -5.93  11.0  62.0  29.0  139.0  4.9  X   Y   238
117.58   -5.96  16.6  156.0  77.0  -168.0  5.4  X   Y   239
121.487   -2.446  20.0  19.0  87.0  161.0  6.07  X   Y   240
122.857   -4.451  15.0  236.0  81.0  -148.0  6.13  X   Y   241
121.732   -4.074  12.3  131.0  45.0  -79.0  5.49  X   Y   242
121.721   -4.083  15.0  142.0  45.0  -75.0  5.21  X   Y   243
125.155   -2.111  15.0  334.0  37.0  104.0  5.13  X   Y   244
120.39   0.14  41.0  300.0  42.0  26.0  5.9  X   Y   245
124.34   -6.33  10.0  36.0  82.0  -4.0  4.8  X   Y   246
121.0   1.84  10.0  12.0  57.0  3.0  4.9  X   Y   247
118.26   4.66  13.9  110.0  52.0  -16.0  4.8  X   Y   248
123.77   -7.97  12.0  93.0  29.0  114.0  5.2  X   Y   249
117.55   -7.96  20.7  79.0  45.0  81.0  4.9  X   Y   250
125.8   -5.19  19.0  132.0  81.0  -177.0  5.4  X   Y   251
117.74   3.0  23.3  221.0  78.0  178.0  4.8  X   Y   252
120.95   -1.15  20.2  146.0  74.0  8.0  4.9  X   Y   253
123.33   -3.28  15.2  175.0  33.0  -91.0  4.9  X   Y   254
124.1   -4.45  15.6  15.0  44.0  179.0  4.9  X   Y   255
122.62   -5.61  17.1  8.0  43.0  79.0  4.8  X   Y   256
126.26   -1.25  18.3  352.0  29.0  -82.0  5.1  X   Y   257
122.858   -4.314  15.0  144.0  59.0  -3.0  4.96  X   Y   258
121.55   2.4  43.5  69.0  66.0  16.0  5.0  X   Y   259
120.95   -2.09  19.9  39.0  70.0  173.0  4.7  X   Y   260
119.761   4.627  18.2  198.0  37.0  128.0  5.63  X   Y   261
119.435   -2.494  17.6  52.0  43.0  -159.0  5.53  X   Y   262
122.378   -0.59  25.1  263.0  29.0  -161.0  6.06  X   Y   263
121.02   -1.12  18.1  52.0  70.0  165.0  4.8  X   Y   264
122.25   -0.66  17.6  167.0  45.0  -7.0  5.0  X   Y   265
117.683   3.662  16.0  94.0  79.0  4.0  6.05  X   Y   266
125.4   -2.95  19.1  323.0  39.0  90.0  4.9  X   Y   267
126.766   -7.932  25.6  91.0  47.0  114.0  4.99  X   Y   268
126.76   -7.99  13.3  81.0  46.0  122.0  5.3  X   Y   269
126.28   -2.4  22.9  301.0  45.0  53.0  4.9  X   Y   270
126.69   -2.65  17.1  152.0  46.0  115.0  4.9  X   Y   271
126.137   -3.623  20.1  260.0  90.0  -3.0  5.78  X   Y   272
121.899   -7.634  20.9  111.0  72.0  -167.0  4.96  X   Y   273
118.823   -7.871  23.9  77.0  70.0  1.0  5.1  X   Y   274
126.735   -2.735  9.9  315.0  26.0  72.0  6.0  X   Y   275
126.85   -2.65  14.4  304.0  44.0  55.0  4.9  X   Y   276
119.65   0.0  15.0  311.0  27.0  12.0  5.3  X   Y   277
126.646   -5.087  19.0  325.0  78.0  170.0  5.66  X   Y   278
119.54   -2.82  12.0  6.0  64.0  173.0  4.7  X   Y   279
119.48   -2.83  12.0  121.0  51.0  2.0  5.2  X   Y   280
125.34   3.469  31.0  357.0  23.0  81.0  5.07  X   Y   281
119.42   -2.86  12.0  76.0  27.0  -68.0  5.3  X   Y   282
119.52   -2.81  12.0  8.0  68.0  175.0  5.0  X   Y   283
119.436   -2.878  15.9  77.0  28.0  -60.0  5.53  X   Y   284
119.58   -2.79  12.7  87.0  49.0  -8.0  4.9  X   Y   285
119.33   -2.99  15.0  55.0  22.0  -29.0  5.0  X   Y   286
121.47   -2.43  16.7  111.0  53.0  -14.0  4.7  X   Y   287
122.56   -1.85  12.0  43.0  83.0  -175.0  6.8  X   Y   288
122.65   -1.63  19.3  342.0  45.0  70.0  4.9  X   Y   289
125.92   -0.78  19.8  251.0  16.0  72.0  5.3  X   Y   290
122.52   -1.81  17.9  27.0  68.0  -162.0  5.4  X   Y   291
119.44   -2.84  15.1  351.0  58.0  -167.0  4.8  X   Y   292
125.04   -5.69  12.0  128.0  70.0  169.0  5.5  X   Y   293
125.29   3.87  24.4  18.0  22.0  106.0  4.9  X   Y   294
126.34   -4.15  23.0  332.0  77.0  -177.0  5.7  X   Y   295
126.21   -3.81  19.0  252.0  79.0  -5.0  5.4  X   Y   296
119.27   -1.92  31.1  7.0  36.0  84.0  4.9  X   Y   297
122.57   -5.87  12.0  354.0  32.0  54.0  5.3  X   Y   298
119.07   -2.22  21.4  167.0  46.0  46.0  5.5  X   Y   299
123.38   -3.4  15.5  150.0  14.0  74.0  5.4  X   Y   300
118.85   -2.84  20.7  353.0  28.0  60.0  5.7  X   Y   301
118.85   -2.82  18.2  330.0  17.0  59.0  6.3  X   Y   302
119.43   -2.86  12.0  81.0  34.0  -60.0  5.2  X   Y   303
121.97   -7.46  13.5  19.0  71.0  1.0  7.3  X   Y   304
118.72   -7.74  12.0  40.0  44.0  -129.0  4.9  X   Y   305
124.08   -4.47  14.7  293.0  85.0  0.0  4.8  X   Y   306
122.9   -3.75  18.6  176.0  63.0  21.0  4.7  X   Y   307
122.75   -3.75  15.1  75.0  70.0  168.0  5.2  X   Y   308
120.6   -2.06  16.4  126.0  74.0  -5.0  4.7  X   Y   309
118.5   -2.7  34.9  327.0  53.0  6.0  5.9  X   Y   310
122.45   -7.55  16.5  120.0  67.0  165.0  5.4  X   Y   311
122.44   -7.57  14.8  87.0  37.0  98.0  5.5  X   Y   312
122.69   -2.35  12.0  37.0  71.0  -178.0  5.0  X   Y   313
