125.952   -2.608  20.0  315.0  25.0  90.0  8.2  X   Y   0
126.688   -5.401  10.0  235.0  69.0  21.0  6.2  X   Y   1
126.87   3.787  20.0  12.0  66.0  100.0  6.49  X   Y   2
118.243   4.924  13.2  327.0  83.0  -20.0  6.28  X   Y   3
126.15   -2.88  43.4  91.0  83.0  3.0  6.3  X   Y   4
125.12   -0.073  35.0  34.0  72.0  104.0  5.91  X   Y   5
126.72   3.07  20.1  83.0  18.0  123.0  5.5  X   Y   6
126.86   3.72  44.9  134.0  34.0  42.0  5.4  X   Y   7
118.965   -7.715  20.0  171.0  76.0  -162.0  5.5  X   Y   8
120.486   -1.909  35.0  33.0  86.0  167.0  6.12  X   Y   9
125.72   -7.92  32.3  249.0  46.0  113.0  7.0  X   Y   10
126.11   -2.31  15.0  104.0  43.0  -75.0  6.2  X   Y   11
126.656   -1.955  25.0  264.0  48.0  -104.0  6.25  X   Y   12
126.869   -1.064  25.0  283.0  80.0  -13.0  5.66  X   Y   13
120.653   -0.808  35.0  310.0  65.0  -140.0  5.84  X   Y   14
124.08   -0.31  46.1  97.0  83.0  -175.0  5.4  X   Y   15
126.735   -1.005  27.7  270.0  24.0  -10.0  5.38  X   Y   16
123.377   -4.267  30.0  123.0  24.0  19.0  5.44  X   Y   17
124.597   4.664  35.0  135.0  88.0  -14.0  6.22  X   Y   18
125.289   -0.065  41.8  24.0  73.0  85.0  5.5  X   Y   19
120.308   1.125  36.9  85.0  83.0  -41.0  5.63  X   Y   20
124.88   -0.08  45.1  202.0  23.0  90.0  5.4  X   Y   21
120.383   0.993  30.5  263.0  82.0  90.0  6.36  X   Y   22
126.918   3.083  37.1  358.0  75.0  104.0  6.97  X   Y   23
121.26   -2.12  36.4  2.0  46.0  56.0  5.2  X   Y   24
125.959   0.668  36.2  182.0  74.0  114.0  6.26  X   Y   25
126.031   0.806  30.0  22.0  62.0  124.0  5.61  X   Y   26
119.8   -2.95  15.0  18.0  36.0  -150.0  5.9  X   Y   27
126.567   0.576  49.6  279.0  62.0  -44.0  6.04  X   Y   28
125.932   0.707  38.2  295.0  71.0  52.0  6.52  X   Y   29
127.0   3.52  26.6  110.0  14.0  41.0  6.0  X   Y   30
126.042   1.047  35.0  334.0  63.0  58.0  5.64  X   Y   31
125.744   -6.201  40.3  305.0  88.0  163.0  6.41  X   Y   32
126.63   2.605  38.5  3.0  57.0  57.0  5.49  X   Y   33
122.014   -2.704  20.0  221.0  82.0  -110.0  6.07  X   Y   34
121.98   -3.55  15.0  110.0  22.0  -22.0  6.1  X   Y   35
126.695   3.498  39.1  321.0  76.0  99.0  5.5  X   Y   36
124.676   -1.947  18.2  103.0  59.0  -14.0  5.33  X   Y   37
125.21   -2.46  36.0  103.0  59.0  -14.0  5.3  X   Y   38
118.38   4.748  15.0  122.0  72.0  20.0  5.55  X   Y   39
118.91   4.41  15.0  25.0  71.0  161.0  5.5  X   Y   40
118.85   -4.22  15.7  38.0  24.0  100.0  5.6  X   Y   41
123.327   -0.561  35.0  357.0  61.0  67.0  5.74  X   Y   42
123.39   -0.01  36.0  220.0  36.0  126.0  5.7  X   Y   43
124.23   -7.99  34.8  134.0  38.0  -140.0  5.2  X   Y   44
121.31   -2.22  26.3  20.0  59.0  -146.0  5.6  X   Y   45
126.631   -1.874  20.2  174.0  49.0  -64.0  5.46  X   Y   46
126.639   1.739  44.0  127.0  69.0  37.0  5.67  X   Y   47
123.36   -7.85  39.8  6.0  78.0  7.0  5.9  X   Y   48
126.771   2.034  24.0  229.0  81.0  114.0  5.46  X   Y   49
125.89   2.22  40.4  339.0  26.0  22.0  5.5  X   Y   50
122.502   1.62  33.2  354.0  83.0  -20.0  5.56  X   Y   51
123.19   1.71  47.6  86.0  70.0  -173.0  5.6  X   Y   52
122.614   -5.968  30.0  258.0  61.0  111.0  5.55  X   Y   53
123.26   -6.08  18.0  40.0  35.0  57.0  5.5  X   Y   54
119.91   0.58  45.0  344.0  18.0  6.0  5.3  X   Y   55
120.977   1.159  30.0  278.0  79.0  99.0  6.4  X   Y   56
120.8   1.196  28.3  290.0  79.0  104.0  6.45  X   Y   57
120.798   1.181  27.7  290.0  74.0  125.0  6.45  X   Y   58
126.94   1.99  44.7  356.0  28.0  76.0  5.4  X   Y   59
118.779   -2.803  28.1  194.0  74.0  90.0  6.66  X   Y   60
125.27   4.95  29.8  19.0  26.0  133.0  5.6  X   Y   61
119.61   0.84  49.0  319.0  21.0  -56.0  5.4  X   Y   62
125.978   -4.784  39.5  246.0  79.0  -13.0  6.15  X   Y   63
123.193   -3.433  20.0  179.0  22.0  97.0  5.35  X   Y   64
125.382   0.368  35.0  24.0  76.0  83.0  5.76  X   Y   65
119.42   -2.43  40.5  44.0  61.0  165.0  5.9  X   Y   66
120.24   -2.17  10.6  307.0  41.0  -19.0  5.5  X   Y   67
119.625   -2.034  20.0  51.0  78.0  -130.0  5.53  X   Y   68
119.61   -2.036  20.0  312.0  72.0  -28.0  6.39  X   Y   69
119.625   -2.14  20.0  153.0  88.0  53.0  5.89  X   Y   70
119.729   -1.989  45.0  14.0  87.0  -174.0  6.65  X   Y   71
119.38   -1.32  43.9  283.0  84.0  -3.0  6.6  X   Y   72
122.929   1.252  33.6  272.0  70.0  89.0  6.13  X   Y   73
123.38   -0.17  43.9  348.0  77.0  -7.0  5.5  X   Y   74
122.879   1.205  43.9  265.0  69.0  94.0  5.61  X   Y   75
125.64   -2.3  13.6  309.0  15.0  146.0  5.5  X   Y   76
126.831   -0.843  15.0  201.0  87.0  119.0  6.15  X   Y   77
126.76   -1.45  15.0  297.0  29.0  6.0  6.1  X   Y   78
126.515   1.882  32.3  224.0  81.0  104.0  7.51  X   Y   79
126.89   3.08  20.2  347.0  16.0  34.0  7.5  X   Y   80
126.572   1.897  20.0  29.0  79.0  -89.0  6.41  X   Y   81
126.933   2.328  36.3  334.0  61.0  115.0  6.42  X   Y   82
126.35   2.2  23.9  342.0  38.0  95.0  5.8  X   Y   83
126.68   2.32  17.8  339.0  43.0  111.0  5.5  X   Y   84
125.851   0.619  20.0  188.0  80.0  85.0  5.8  X   Y   85
126.568   1.729  32.6  230.0  72.0  135.0  6.2  X   Y   86
125.158   4.406  45.8  344.0  49.0  62.0  5.68  X   Y   87
125.596   4.054  31.7  187.0  61.0  100.0  5.58  X   Y   88
126.51   2.63  15.0  331.0  39.0  87.0  5.3  X   Y   89
125.93   0.04  20.4  230.0  24.0  118.0  5.8  X   Y   90
125.78   -0.24  18.6  232.0  33.0  121.0  6.1  X   Y   91
124.92   -0.243  40.0  21.0  71.0  75.0  6.26  X   Y   92
125.68   -0.14  15.0  240.0  24.0  126.0  6.3  X   Y   93
125.11   0.032  41.0  34.0  60.0  83.0  5.62  X   Y   94
125.428   3.724  19.9  359.0  29.0  76.0  5.25  X   Y   95
124.88   3.63  34.4  359.0  29.0  76.0  5.2  X   Y   96
124.955   -0.155  24.6  31.0  64.0  82.0  5.62  X   Y   97
125.62   0.05  49.3  229.0  28.0  106.0  5.6  X   Y   98
125.3   -2.033  30.0  69.0  83.0  -14.0  5.92  X   Y   99
126.874   3.148  27.1  234.0  69.0  -46.0  5.65  X   Y   100
125.21   1.51  29.6  56.0  60.0  8.0  5.1  X   Y   101
126.98   4.33  18.1  10.0  42.0  82.0  5.9  X   Y   102
122.141   -0.297  20.0  176.0  87.0  9.0  5.52  X   Y   103
125.81   2.11  15.0  210.0  32.0  2.0  5.4  X   Y   104
126.8   2.035  44.7  318.0  75.0  68.0  5.88  X   Y   105
126.1   2.66  18.6  34.0  45.0  116.0  5.2  X   Y   106
126.77   2.33  15.0  4.0  19.0  54.0  5.3  X   Y   107
126.95   3.21  36.9  16.0  39.0  66.0  5.4  X   Y   108
126.329   0.484  15.0  345.0  58.0  63.0  5.54  X   Y   109
126.873   2.411  42.2  161.0  82.0  84.0  5.47  X   Y   110
124.924   -0.053  35.0  11.0  74.0  77.0  5.85  X   Y   111
126.43   3.07  33.3  163.0  22.0  56.0  5.4  X   Y   112
126.672   0.053  35.0  355.0  17.0  85.0  5.41  X   Y   113
126.09   -0.04  33.0  355.0  17.0  85.0  5.4  X   Y   114
126.49   2.81  15.0  323.0  27.0  69.0  5.4  X   Y   115
123.266   -3.759  19.9  330.0  73.0  69.0  5.82  X   Y   116
121.52   1.093  35.0  194.0  50.0  -98.0  5.74  X   Y   117
125.41   -7.86  36.4  67.0  33.0  103.0  6.6  X   Y   118
121.18   -7.94  30.4  83.0  45.0  139.0  6.6  X   Y   119
126.0   0.96  36.0  222.0  32.0  97.0  5.2  X   Y   120
126.54   1.0  39.4  334.0  72.0  4.0  6.0  X   Y   121
126.052   1.032  45.8  24.0  59.0  121.0  5.98  X   Y   122
126.57   4.91  46.7  47.0  55.0  140.0  5.3  X   Y   123
126.42   4.77  48.4  207.0  33.0  111.0  5.7  X   Y   124
126.311   -2.946  25.0  61.0  62.0  29.0  5.12  X   Y   125
126.03   -2.36  34.6  61.0  62.0  29.0  5.1  X   Y   126
125.162   -2.134  22.1  71.0  62.0  -21.0  5.12  X   Y   127
121.154   -7.909  25.0  87.0  83.0  171.0  5.59  X   Y   128
122.68   -0.47  33.0  229.0  41.0  -156.0  5.1  X   Y   129
122.853   1.239  36.6  257.0  64.0  73.0  7.62  X   Y   130
122.975   1.291  25.0  268.0  67.0  86.0  6.48  X   Y   131
123.118   1.391  30.0  278.0  62.0  109.0  5.95  X   Y   132
123.59   1.9  31.8  60.0  38.0  41.0  5.3  X   Y   133
123.473   1.182  30.0  346.0  81.0  -43.0  6.3  X   Y   134
122.92   1.34  40.5  85.0  48.0  -168.0  6.3  X   Y   135
123.357   1.226  35.3  278.0  64.0  110.0  5.47  X   Y   136
123.77   1.92  38.1  59.0  32.0  56.0  5.5  X   Y   137
120.09   0.964  29.6  16.0  21.0  21.0  5.23  X   Y   138
122.932   1.241  30.7  298.0  63.0  92.0  5.93  X   Y   139
123.97   2.12  33.0  58.0  17.0  57.0  5.3  X   Y   140
119.57   -2.84  15.0  264.0  55.0  -15.0  5.2  X   Y   141
123.36   1.54  41.3  47.0  18.0  70.0  5.3  X   Y   142
123.89   1.197  30.0  227.0  63.0  81.0  5.97  X   Y   143
123.29   1.19  15.0  65.0  29.0  106.0  6.0  X   Y   144
123.36   1.33  33.0  119.0  12.0  109.0  5.7  X   Y   145
122.849   1.164  30.5  57.0  29.0  66.0  5.44  X   Y   146
123.501   1.336  28.0  224.0  76.0  82.0  5.52  X   Y   147
123.019   1.132  30.4  72.0  29.0  49.0  5.24  X   Y   148
123.01   1.94  15.0  72.0  29.0  49.0  5.2  X   Y   149
121.436   1.086  30.9  196.0  62.0  -105.0  5.58  X   Y   150
125.53   0.91  45.6  213.0  20.0  102.0  5.1  X   Y   151
126.92   0.93  15.0  157.0  68.0  -14.0  5.3  X   Y   152
123.089   1.338  29.3  75.0  26.0  80.0  5.37  X   Y   153
126.107   0.39  36.9  1.0  53.0  53.0  6.21  X   Y   154
123.024   1.252  34.9  275.0  71.0  92.0  5.68  X   Y   155
124.014   1.038  30.9  322.0  48.0  67.0  5.79  X   Y   156
124.043   1.089  30.7  352.0  40.0  107.0  5.28  X   Y   157
124.023   1.141  34.8  153.0  49.0  97.0  6.06  X   Y   158
123.42   1.66  33.0  74.0  26.0  61.0  5.1  X   Y   159
123.14   1.37  18.1  94.0  21.0  84.0  5.5  X   Y   160
123.88   1.3  24.9  296.0  36.0  75.0  5.3  X   Y   161
126.834   2.134  35.0  295.0  88.0  85.0  5.8  X   Y   162
126.58   2.56  39.9  32.0  36.0  92.0  5.3  X   Y   163
123.62   1.42  33.0  122.0  9.0  106.0  5.3  X   Y   164
122.962   1.177  23.7  291.0  67.0  98.0  6.87  X   Y   165
126.516   -7.469  25.0  283.0  59.0  106.0  6.57  X   Y   166
122.768   1.199  30.0  276.0  83.0  88.0  7.52  X   Y   167
126.64   2.74  38.5  28.0  32.0  102.0  5.4  X   Y   168
122.74   1.56  15.0  321.0  63.0  150.0  5.4  X   Y   169
123.065   1.147  31.2  69.0  31.0  58.0  5.36  X   Y   170
124.74   -7.76  44.3  62.0  29.0  89.0  5.6  X   Y   171
122.4   -7.61  43.7  14.0  83.0  -1.0  5.8  X   Y   172
122.542   1.088  30.0  273.0  65.0  92.0  6.59  X   Y   173
122.551   1.261  27.2  115.0  38.0  115.0  5.03  X   Y   174
122.755   1.397  25.0  93.0  40.0  80.0  5.27  X   Y   175
122.098   1.238  30.0  286.0  66.0  108.0  5.93  X   Y   176
126.456   3.517  25.4  350.0  14.0  106.0  5.38  X   Y   177
126.81   -3.42  33.0  212.0  82.0  -178.0  5.1  X   Y   178
123.08   1.37  47.9  39.0  29.0  138.0  5.3  X   Y   179
126.88   2.43  31.4  1.0  39.0  52.0  5.3  X   Y   180
126.96   3.22  19.0  197.0  6.0  121.0  5.9  X   Y   181
122.613   1.277  34.2  258.0  78.0  82.0  6.09  X   Y   182
125.89   -0.331  48.7  85.0  78.0  96.0  5.5  X   Y   183
124.081   1.055  33.6  334.0  52.0  107.0  5.94  X   Y   184
124.186   1.109  30.0  273.0  52.0  84.0  5.7  X   Y   185
124.117   1.024  32.2  97.0  50.0  95.0  5.95  X   Y   186
124.04   1.1  17.8  280.0  41.0  83.0  5.8  X   Y   187
123.357   1.372  34.6  307.0  75.0  110.0  5.56  X   Y   188
125.64   -0.05  45.8  223.0  23.0  98.0  5.5  X   Y   189
123.575   1.256  35.0  53.0  33.0  56.0  5.41  X   Y   190
123.44   1.34  15.0  295.0  42.0  117.0  5.2  X   Y   191
125.991   1.104  42.7  43.0  30.0  136.0  5.4  X   Y   192
126.641   2.614  40.0  205.0  80.0  81.0  5.68  X   Y   193
119.699   -1.562  25.0  160.0  83.0  19.0  5.67  X   Y   194
119.5   -1.6  31.0  68.0  72.0  173.0  5.1  X   Y   195
120.08   -1.17  48.4  68.0  72.0  173.0  5.7  X   Y   196
126.65   -3.22  15.0  72.0  61.0  -3.0  5.2  X   Y   197
126.732   -3.088  17.3  72.0  61.0  -3.0  5.24  X   Y   198
125.7   1.01  15.5  343.0  13.0  -126.0  5.3  X   Y   199
120.1   -4.4  25.0  203.0  43.0  91.0  5.5  X   Y   200
120.72   -4.06  43.5  203.0  43.0  91.0  5.3  X   Y   201
123.0   1.1  29.0  74.0  37.0  59.0  5.5  X   Y   202
124.891   0.098  45.0  28.0  61.0  82.0  5.67  X   Y   203
125.29   -0.13  49.2  224.0  30.0  103.0  5.7  X   Y   204
124.3   -1.0  34.0  309.0  10.0  127.0  5.8  X   Y   205
122.8   1.61  17.7  116.0  44.0  133.0  5.4  X   Y   206
126.87   2.83  47.4  51.0  44.0  82.0  4.9  X   Y   207
120.356   0.802  37.2  285.0  56.0  -18.0  5.43  X   Y   208
122.43   2.11  47.9  98.0  35.0  102.0  5.2  X   Y   209
122.7   0.5  46.0  274.0  24.0  -138.0  5.3  X   Y   210
125.898   0.591  20.0  173.0  80.0  79.0  6.91  X   Y   211
125.785   0.62  17.2  183.0  81.0  84.0  6.73  X   Y   212
125.0   1.2  36.0  35.0  11.0  122.0  6.3  X   Y   213
125.71   0.63  16.6  35.0  11.0  122.0  6.7  X   Y   214
125.88   0.359  25.0  209.0  57.0  102.0  5.89  X   Y   215
125.81   0.358  25.0  181.0  64.0  103.0  5.88  X   Y   216
123.9   1.4  0.0  333.0  29.0  65.0  5.3  X   Y   217
125.87   1.19  15.0  334.0  44.0  -85.0  5.4  X   Y   218
125.92   2.23  15.0  356.0  13.0  -119.0  6.0  X   Y   219
123.3   -0.7  40.0  266.0  31.0  154.0  5.1  X   Y   220
123.394   1.245  25.0  109.0  13.0  93.0  5.23  X   Y   221
124.88   -7.71  33.0  41.0  37.0  56.0  5.3  X   Y   222
125.14   -7.71  33.0  46.0  32.0  76.0  5.5  X   Y   223
126.9   -2.56  42.5  42.0  41.0  -6.0  5.4  X   Y   224
126.1   1.7  38.0  34.0  36.0  74.0  5.2  X   Y   225
126.32   2.44  44.5  34.0  36.0  74.0  5.5  X   Y   226
124.1   -0.4  35.0  180.0  38.0  12.0  5.5  X   Y   227
119.81   -2.97  33.0  216.0  68.0  177.0  5.3  X   Y   228
120.8   2.0  39.0  39.0  73.0  -3.0  5.1  X   Y   229
120.858   1.965  30.0  130.0  88.0  -163.0  5.65  X   Y   230
126.74   2.26  39.0  66.0  46.0  115.0  5.1  X   Y   231
121.1   -1.6  50.0  142.0  74.0  16.0  5.2  X   Y   232
121.0   -0.25  43.2  142.0  74.0  16.0  5.2  X   Y   233
120.2   -1.1  30.0  129.0  29.0  -58.0  5.8  X   Y   234
121.3   -2.7  30.0  24.0  81.0  178.0  4.8  X   Y   235
121.183   -2.369  35.0  24.0  81.0  178.0  5.23  X   Y   236
121.93   -1.89  49.0  24.0  81.0  178.0  5.2  X   Y   237
126.98   3.17  38.3  207.0  17.0  136.0  5.3  X   Y   238
125.48   -1.99  33.0  280.0  70.0  -5.0  5.3  X   Y   239
126.85   4.22  43.3  196.0  37.0  82.0  5.7  X   Y   240
123.61   0.46  33.0  109.0  57.0  -24.0  5.0  X   Y   241
123.473   0.451  47.5  109.0  57.0  -24.0  5.04  X   Y   242
126.0   0.5  43.0  218.0  48.0  114.0  5.4  X   Y   243
121.618   1.241  28.0  9.0  53.0  -87.0  5.95  X   Y   244
122.0   0.6  35.0  185.0  37.0  -93.0  5.5  X   Y   245
121.72   1.32  17.8  185.0  37.0  -93.0  5.9  X   Y   246
126.807   3.46  21.6  18.0  26.0  139.0  5.13  X   Y   247
126.862   3.563  23.3  349.0  59.0  82.0  5.63  X   Y   248
119.963   0.741  33.5  252.0  85.0  94.0  7.87  X   Y   249
120.2   0.3  21.0  36.0  6.0  54.0  5.5  X   Y   250
119.93   0.74  15.0  36.0  6.0  54.0  7.9  X   Y   251
119.3   1.0  33.0  165.0  72.0  161.0  4.7  X   Y   252
119.965   0.722  35.0  165.0  72.0  161.0  5.43  X   Y   253
119.88   0.66  26.7  53.0  57.0  -8.0  5.5  X   Y   254
125.0   0.08  40.1  202.0  28.0  78.0  5.0  X   Y   255
119.621   0.489  30.7  235.0  86.0  34.0  5.61  X   Y   256
124.734   -2.006  35.2  297.0  62.0  3.0  5.44  X   Y   257
126.501   3.021  45.6  17.0  69.0  92.0  5.88  X   Y   258
127.039   -3.913  36.2  279.0  33.0  101.0  5.25  X   Y   259
126.201   3.04  32.8  206.0  74.0  101.0  5.89  X   Y   260
120.373   1.072  29.9  58.0  22.0  66.0  5.44  X   Y   261
126.236   3.077  30.5  221.0  65.0  95.0  5.58  X   Y   262
126.35   3.6  37.6  30.0  26.0  80.0  5.6  X   Y   263
126.1   3.3  33.0  354.0  24.0  43.0  5.2  X   Y   264
122.869   1.381  32.8  301.0  72.0  102.0  5.72  X   Y   265
120.26   0.86  0.0  63.0  14.0  71.0  6.0  X   Y   266
120.35   1.27  21.0  63.0  14.0  71.0  6.5  X   Y   267
120.458   1.027  28.4  264.0  77.0  96.0  6.98  X   Y   268
120.561   1.161  28.1  70.0  25.0  68.0  5.38  X   Y   269
120.5   0.9  33.0  70.0  25.0  68.0  5.6  X   Y   270
120.35   1.36  20.0  57.0  16.0  71.0  5.9  X   Y   271
120.97   1.79  33.0  47.0  24.0  38.0  5.1  X   Y   272
125.078   -0.108  47.4  31.0  65.0  79.0  6.0  X   Y   273
125.1   0.3  28.0  145.0  50.0  -47.0  6.4  X   Y   274
124.995   -0.184  41.6  270.0  56.0  -129.0  5.67  X   Y   275
120.26   1.69  43.4  40.0  21.0  50.0  5.3  X   Y   276
120.453   0.332  28.5  200.0  63.0  -102.0  5.66  X   Y   277
120.32   1.43  18.0  52.0  17.0  66.0  5.8  X   Y   278
120.58   1.75  33.0  95.0  21.0  82.0  5.2  X   Y   279
126.461   0.902  33.0  59.0  32.0  111.0  5.32  X   Y   280
120.668   1.194  30.0  267.0  88.0  93.0  5.59  X   Y   281
126.312   0.379  40.0  24.0  49.0  88.0  5.74  X   Y   282
119.2   0.8  31.0  142.0  57.0  175.0  4.8  X   Y   283
125.3   -0.2  31.0  235.0  18.0  123.0  5.6  X   Y   284
126.352   3.976  40.9  213.0  40.0  106.0  5.13  X   Y   285
126.3   0.4  35.0  187.0  34.0  41.0  4.6  X   Y   286
126.53   0.54  29.8  187.0  34.0  41.0  5.3  X   Y   287
126.364   4.02  29.8  278.0  18.0  -128.0  5.31  X   Y   288
125.31   -0.02  37.3  208.0  19.0  80.0  5.3  X   Y   289
117.58   -7.978  28.5  229.0  68.0  9.0  5.1  X   Y   290
125.411   0.398  50.0  29.0  73.0  82.0  5.75  X   Y   291
120.33   -1.95  42.1  287.0  46.0  -59.0  5.4  X   Y   292
121.7   -0.9  36.0  322.0  86.0  2.0  5.2  X   Y   293
124.4   -1.13  35.3  313.0  65.0  27.0  5.1  X   Y   294
119.7   -3.9  33.0  13.0  40.0  110.0  6.0  X   Y   295
126.2   2.4  33.0  294.0  62.0  169.0  5.1  X   Y   296
124.61   -1.19  34.5  206.0  81.0  175.0  5.5  X   Y   297
124.02   -0.883  49.4  297.0  85.0  9.0  5.52  X   Y   298
122.498   1.229  25.0  275.0  69.0  89.0  7.02  X   Y   299
122.6   1.3  40.0  98.0  21.0  93.0  6.5  X   Y   300
122.71   1.37  29.4  98.0  21.0  93.0  7.0  X   Y   301
126.5   2.8  33.0  32.0  26.0  122.0  5.6  X   Y   302
125.56   -2.24  31.5  109.0  66.0  22.0  5.3  X   Y   303
126.97   3.9  27.7  251.0  69.0  166.0  5.1  X   Y   304
119.563   0.268  30.0  207.0  72.0  28.0  6.61  X   Y   305
126.13   1.67  34.8  244.0  21.0  105.0  5.3  X   Y   306
120.99   1.8  38.3  268.0  69.0  -3.0  5.0  X   Y   307
124.06   -6.1  46.0  37.0  27.0  89.0  5.1  X   Y   308
125.4   -2.9  8.0  181.0  29.0  130.0  5.0  X   Y   309
126.23   -2.761  30.0  181.0  29.0  130.0  5.22  X   Y   310
122.7   -0.6  34.0  166.0  56.0  147.0  4.8  X   Y   311
124.5   4.85  36.8  201.0  33.0  129.0  5.3  X   Y   312
125.019   -0.086  50.0  34.0  63.0  78.0  6.11  X   Y   313
126.3   3.94  15.0  307.0  37.0  73.0  5.1  X   Y   314
126.332   3.819  17.5  313.0  30.0  74.0  6.12  X   Y   315
119.8   -0.3  33.0  359.0  34.0  41.0  6.0  X   Y   316
120.1   -0.8  28.0  355.0  31.0  35.0  5.5  X   Y   317
120.55   0.32  30.3  355.0  31.0  35.0  6.0  X   Y   318
125.2   -7.5  40.0  34.0  28.0  77.0  5.2  X   Y   319
126.02   -7.61  42.7  34.0  28.0  77.0  5.4  X   Y   320
123.154   -3.493  25.0  222.0  53.0  -102.0  5.61  X   Y   321
125.848   0.902  35.0  148.0  84.0  13.0  6.49  X   Y   322
125.8   0.4  10.0  48.0  69.0  -165.0  5.0  X   Y   323
124.818   -1.924  25.0  196.0  65.0  -150.0  7.71  X   Y   324
125.9   0.4  0.0  183.0  65.0  22.0  5.1  X   Y   325
126.6   3.0  0.0  78.0  28.0  168.0  5.1  X   Y   326
126.72   1.58  25.1  78.0  28.0  168.0  5.2  X   Y   327
123.713   -1.274  25.0  332.0  86.0  5.0  5.92  X   Y   328
126.91   4.4  44.0  185.0  29.0  67.0  5.3  X   Y   329
126.68   2.94  47.2  31.0  27.0  89.0  5.4  X   Y   330
119.568   0.295  36.8  15.0  87.0  -16.0  5.47  X   Y   331
126.5   -2.79  15.0  149.0  41.0  142.0  5.7  X   Y   332
123.4   -4.5  45.0  308.0  51.0  -25.0  5.0  X   Y   333
126.84   3.33  48.4  177.0  28.0  74.0  5.4  X   Y   334
120.0   1.2  16.0  49.0  19.0  56.0  5.0  X   Y   335
123.1   -0.5  45.0  226.0  29.0  67.0  5.4  X   Y   336
121.496   -0.381  42.0  93.0  58.0  -31.0  5.44  X   Y   337
124.21   0.97  39.4  227.0  30.0  70.0  5.3  X   Y   338
122.578   -1.715  25.0  216.0  86.0  -170.0  6.13  X   Y   339
122.606   -1.761  24.2  145.0  74.0  21.0  5.53  X   Y   340
126.49   2.73  31.3  22.0  39.0  -1.0  5.2  X   Y   341
126.96   2.97  41.8  76.0  51.0  152.0  5.2  X   Y   342
125.46   0.31  41.3  231.0  29.0  141.0  5.1  X   Y   343
126.2   0.3  28.0  248.0  55.0  135.0  5.0  X   Y   344
121.1   -0.6  0.0  265.0  43.0  -93.0  5.7  X   Y   345
126.0   0.3  35.0  87.0  8.0  -169.0  4.8  X   Y   346
120.736   -7.931  25.0  88.0  50.0  118.0  5.74  X   Y   347
122.83   -7.03  33.0  234.0  40.0  70.0  5.1  X   Y   348
121.28   -7.7  41.1  234.0  40.0  70.0  5.6  X   Y   349
126.76   -0.28  12.0  23.0  30.0  104.0  5.1  X   Y   350
126.81   -1.25  12.0  21.0  42.0  90.0  5.1  X   Y   351
120.84   1.219  30.0  45.0  37.0  -76.0  5.31  X   Y   352
120.76   -0.27  33.0  45.0  37.0  -76.0  5.1  X   Y   353
124.71   4.64  28.0  203.0  58.0  -168.0  5.2  X   Y   354
123.551   -1.12  30.0  319.0  83.0  26.0  7.53  X   Y   355
123.59   -1.29  18.6  225.0  64.0  172.0  7.5  X   Y   356
123.1   -1.54  33.0  219.0  77.0  175.0  4.7  X   Y   357
123.376   -1.212  30.0  310.0  85.0  13.0  5.69  X   Y   358
122.471   -2.608  45.0  15.0  85.0  166.0  5.54  X   Y   359
121.879   -2.668  38.0  213.0  70.0  -158.0  5.19  X   Y   360
123.409   -1.437  30.0  336.0  58.0  48.0  5.55  X   Y   361
123.197   -4.34  20.0  16.0  64.0  70.0  6.24  X   Y   362
123.57   -1.41  21.0  223.0  67.0  -178.0  4.3  X   Y   363
118.31   1.3  21.0  68.0  16.0  64.0  4.4  X   Y   364
118.392   1.065  17.8  68.0  16.0  64.0  5.41  X   Y   365
121.53   0.29  33.0  5.0  63.0  -19.0  5.5  X   Y   366
126.53   0.02  33.0  295.0  22.0  3.0  5.8  X   Y   367
123.312   -1.373  15.0  218.0  80.0  153.0  5.51  X   Y   368
123.344   -5.809  15.0  261.0  18.0  89.0  5.17  X   Y   369
122.84   -5.3  33.0  261.0  18.0  89.0  5.0  X   Y   370
124.0   -1.62  33.0  42.0  77.0  178.0  5.5  X   Y   371
121.45   -0.99  33.0  124.0  8.0  -49.0  5.1  X   Y   372
121.88   -1.01  33.0  124.0  8.0  -49.0  5.4  X   Y   373
119.95   -0.49  20.0  108.0  54.0  -150.0  4.5  X   Y   374
120.25   -0.62  27.2  108.0  54.0  -150.0  5.4  X   Y   375
126.52   2.835  38.1  10.0  71.0  98.0  5.48  X   Y   376
125.76   0.83  33.0  165.0  20.0  66.0  4.7  X   Y   377
123.465   1.281  41.6  66.0  18.0  45.0  5.28  X   Y   378
122.88   1.53  41.6  66.0  18.0  45.0  5.3  X   Y   379
126.48   0.63  33.0  197.0  42.0  78.0  4.5  X   Y   380
126.218   1.574  35.0  65.0  59.0  127.0  5.75  X   Y   381
121.12   -1.09  33.0  211.0  42.0  98.0  4.3  X   Y   382
122.16   0.28  33.0  351.0  45.0  48.0  4.6  X   Y   383
124.773   -7.846  30.5  296.0  30.0  69.0  5.3  X   Y   384
125.16   -7.24  28.1  296.0  30.0  69.0  5.3  X   Y   385
122.53   -5.35  33.0  296.0  30.0  69.0  4.2  X   Y   386
121.88   -0.93  15.0  318.0  47.0  -35.0  5.1  X   Y   387
124.15   -5.29  33.0  180.0  42.0  -155.0  4.8  X   Y   388
125.61   -1.17  33.0  223.0  26.0  92.0  5.4  X   Y   389
125.17   0.47  33.0  269.0  28.0  139.0  4.8  X   Y   390
123.39   -3.9  33.0  228.0  11.0  142.0  5.0  X   Y   391
123.28   -4.258  20.0  355.0  83.0  82.0  5.59  X   Y   392
123.82   -3.9  16.0  228.0  11.0  142.0  5.6  X   Y   393
126.24   2.56  33.0  197.0  34.0  67.0  5.4  X   Y   394
126.942   2.78  35.0  28.0  63.0  91.0  5.81  X   Y   395
120.637   -7.426  25.0  14.0  28.0  70.0  5.4  X   Y   396
121.22   -7.32  39.0  14.0  28.0  70.0  5.4  X   Y   397
126.92   2.7  42.2  349.0  80.0  -11.0  5.2  X   Y   398
125.73   0.61  30.0  43.0  60.0  157.0  5.1  X   Y   399
126.551   1.086  10.0  175.0  24.0  51.0  5.08  X   Y   400
126.461   1.058  25.6  174.0  49.0  56.0  5.01  X   Y   401
126.56   1.34  31.7  4.0  45.0  77.0  6.1  X   Y   402
126.056   1.212  42.7  346.0  46.0  41.0  5.22  X   Y   403
125.848   0.878  15.0  313.0  11.0  -177.0  5.22  X   Y   404
125.34   1.39  15.0  313.0  11.0  -177.0  5.2  X   Y   405
125.884   0.872  25.0  177.0  72.0  59.0  5.95  X   Y   406
123.951   -4.1  15.0  89.0  86.0  13.0  7.45  X   Y   407
124.11   -4.31  18.8  358.0  77.0  176.0  7.4  X   Y   408
124.26   -5.2  34.1  185.0  72.0  -172.0  5.3  X   Y   409
124.33   -3.86  15.0  97.0  44.0  9.0  5.4  X   Y   410
124.044   -4.964  30.0  101.0  76.0  17.0  5.65  X   Y   411
126.549   3.561  31.2  177.0  27.0  59.0  5.34  X   Y   412
122.236   -2.963  35.2  104.0  24.0  12.0  5.27  X   Y   413
119.0   -1.0  33.0  170.0  50.0  12.0  5.0  X   Y   414
119.901   -1.161  38.3  170.0  50.0  12.0  5.18  X   Y   415
120.51   -1.34  38.3  170.0  50.0  12.0  5.2  X   Y   416
123.4   -0.2  33.0  233.0  56.0  141.0  4.7  X   Y   417
126.67   3.03  33.0  222.0  30.0  -21.0  4.9  X   Y   418
126.361   3.036  40.0  168.0  84.0  -72.0  5.71  X   Y   419
126.08   -2.07  21.0  277.0  19.0  -160.0  5.4  X   Y   420
120.07   -3.66  33.0  272.0  30.0  -7.0  4.5  X   Y   421
122.5   -0.7  21.0  221.0  64.0  175.0  5.3  X   Y   422
120.215   -1.776  23.0  221.0  64.0  175.0  5.05  X   Y   423
119.41   -1.11  35.0  100.0  37.0  -165.0  4.7  X   Y   424
119.836   0.692  35.0  100.0  37.0  -165.0  5.13  X   Y   425
123.295   -4.174  15.0  225.0  27.0  143.0  5.42  X   Y   426
122.52   -3.89  33.0  225.0  27.0  143.0  4.8  X   Y   427
123.4   1.46  29.0  138.0  60.0  -176.0  5.4  X   Y   428
125.08   -1.28  32.0  217.0  16.0  119.0  4.8  X   Y   429
125.33   1.1  33.0  228.0  23.0  108.0  5.4  X   Y   430
126.847   3.372  37.4  14.0  34.0  109.0  4.97  X   Y   431
126.835   3.427  19.8  180.0  21.0  102.0  5.27  X   Y   432
126.911   3.454  28.1  184.0  11.0  66.0  5.19  X   Y   433
126.89   3.98  28.1  184.0  11.0  66.0  5.2  X   Y   434
126.782   3.41  15.0  175.0  8.0  90.0  5.18  X   Y   435
123.19   -0.598  39.1  36.0  43.0  21.0  5.08  X   Y   436
125.8   0.86  33.0  170.0  34.0  24.0  5.1  X   Y   437
125.92   0.28  31.8  170.0  34.0  24.0  5.1  X   Y   438
125.985   0.898  31.8  170.0  34.0  24.0  5.14  X   Y   439
125.533   3.461  35.0  46.0  44.0  126.0  5.42  X   Y   440
125.42   3.71  48.0  46.0  44.0  126.0  5.4  X   Y   441
126.76   3.44  33.0  353.0  48.0  50.0  4.6  X   Y   442
119.39   -0.92  21.0  9.0  20.0  49.0  5.0  X   Y   443
119.61   -1.545  35.8  9.0  20.0  49.0  5.24  X   Y   444
119.833   0.454  17.0  84.0  71.0  -141.0  5.86  X   Y   445
120.191   -1.485  15.0  271.0  34.0  -97.0  5.31  X   Y   446
120.45   -0.95  15.0  271.0  34.0  -97.0  5.3  X   Y   447
126.052   0.958  41.4  330.0  39.0  43.0  5.33  X   Y   448
121.917   1.087  27.5  105.0  23.0  95.0  5.21  X   Y   449
122.822   1.322  34.8  281.0  72.0  96.0  5.61  X   Y   450
124.27   1.16  33.0  199.0  50.0  -5.0  5.1  X   Y   451
123.963   -0.012  24.6  199.0  50.0  -5.0  5.13  X   Y   452
124.23   0.71  24.6  199.0  50.0  -5.0  5.1  X   Y   453
121.361   -1.314  20.0  210.0  52.0  112.0  6.16  X   Y   454
121.3   -1.26  15.0  357.0  43.0  65.0  6.2  X   Y   455
126.94   2.69  38.0  193.0  30.0  58.0  5.2  X   Y   456
123.2   -1.16  34.0  224.0  62.0  154.0  4.9  X   Y   457
126.363   0.875  25.0  191.0  58.0  66.0  5.55  X   Y   458
126.38   0.41  44.0  51.0  39.0  123.0  5.9  X   Y   459
126.46   1.01  34.4  51.0  39.0  123.0  5.5  X   Y   460
121.95   -0.87  33.0  294.0  46.0  -110.0  5.4  X   Y   461
122.018   -0.733  20.1  327.0  40.0  -98.0  5.17  X   Y   462
126.91   3.07  42.3  183.0  21.0  77.0  5.3  X   Y   463
126.779   -1.017  26.1  12.0  87.0  -119.0  5.53  X   Y   464
125.043   -7.81  15.0  272.0  37.0  104.0  5.28  X   Y   465
125.67   -0.04  45.0  246.0  27.0  117.0  5.4  X   Y   466
124.15   -0.17  39.0  176.0  36.0  89.0  5.1  X   Y   467
120.438   1.089  41.8  281.0  75.0  83.0  5.49  X   Y   468
121.03   1.51  41.8  125.0  17.0  113.0  5.5  X   Y   469
125.632   -7.616  30.3  99.0  46.0  108.0  5.19  X   Y   470
123.424   -0.683  41.4  91.0  74.0  -175.0  5.07  X   Y   471
123.97   -0.81  41.4  91.0  74.0  -175.0  5.1  X   Y   472
124.95   -1.61  26.2  319.0  53.0  8.0  5.4  X   Y   473
123.98   -1.64  30.0  319.0  53.0  8.0  5.4  X   Y   474
126.3   0.8  21.0  44.0  43.0  113.0  5.8  X   Y   475
126.83   1.36  15.0  127.0  15.0  45.0  5.2  X   Y   476
127.043   -1.009  25.3  16.0  15.0  119.0  5.16  X   Y   477
123.11   -0.41  33.0  171.0  51.0  52.0  5.3  X   Y   478
124.63   -0.17  31.0  96.0  54.0  20.0  5.8  X   Y   479
126.54   0.41  37.0  63.0  39.0  165.0  5.5  X   Y   480
126.41   0.28  42.0  14.0  32.0  99.0  5.4  X   Y   481
125.29   -0.44  26.0  14.0  32.0  99.0  4.8  X   Y   482
121.27   -2.88  33.0  281.0  23.0  -84.0  5.0  X   Y   483
126.963   2.064  30.0  298.0  84.0  85.0  5.8  X   Y   484
126.852   2.003  37.6  111.0  87.0  -85.0  5.6  X   Y   485
121.94   -7.86  15.0  299.0  10.0  74.0  5.2  X   Y   486
126.67   -1.01  48.0  322.0  20.0  66.0  5.5  X   Y   487
125.96   -3.54  35.0  61.0  69.0  2.0  4.9  X   Y   488
122.62   1.54  34.4  147.0  39.0  143.0  4.9  X   Y   489
123.08   0.67  9.4  147.0  39.0  143.0  4.7  X   Y   490
126.74   -1.08  27.0  350.0  27.0  86.0  5.3  X   Y   491
126.35   4.0  25.3  132.0  86.0  -3.0  5.2  X   Y   492
125.5   -2.44  43.0  345.0  41.0  121.0  5.1  X   Y   493
125.081   -2.074  15.0  126.0  56.0  66.0  5.58  X   Y   494
124.852   -0.116  25.0  19.0  73.0  68.0  5.56  X   Y   495
126.83   3.66  49.6  97.0  52.0  5.0  4.8  X   Y   496
123.2   -7.63  33.0  230.0  39.0  26.0  4.9  X   Y   497
126.8   2.0  33.0  354.0  43.0  44.0  5.2  X   Y   498
125.94   0.56  35.4  8.0  35.0  78.0  5.1  X   Y   499
124.9   -6.69  33.0  167.0  36.0  -163.0  5.3  X   Y   500
125.85   -7.43  33.0  223.0  39.0  49.0  5.1  X   Y   501
123.36   -0.64  33.0  281.0  47.0  121.0  5.5  X   Y   502
124.65   0.81  33.0  45.0  71.0  3.0  5.0  X   Y   503
122.5   -5.9  33.0  30.0  40.0  88.0  4.8  X   Y   504
122.7   -5.06  17.9  30.0  40.0  88.0  4.8  X   Y   505
126.63   -0.19  20.8  105.0  41.0  -53.0  4.9  X   Y   506
120.43   4.8  25.0  318.0  41.0  83.0  5.0  X   Y   507
120.02   -2.88  33.0  318.0  41.0  83.0  4.3  X   Y   508
119.57   -0.96  26.5  351.0  63.0  -21.0  4.9  X   Y   509
121.8   -1.26  42.0  24.0  35.0  17.0  4.7  X   Y   510
125.12   -7.87  17.0  67.0  27.0  72.0  7.5  X   Y   511
125.36   -7.96  16.3  86.0  33.0  74.0  5.1  X   Y   512
124.77   -7.99  23.6  108.0  46.0  146.0  5.0  X   Y   513
125.06   -7.97  13.0  61.0  28.0  75.0  5.2  X   Y   514
124.928   -7.916  10.0  92.0  29.0  101.0  5.38  X   Y   515
125.87   -2.8  20.0  92.0  45.0  -103.0  5.3  X   Y   516
126.101   -3.389  10.0  92.0  45.0  -103.0  5.33  X   Y   517
125.32   -7.96  17.6  74.0  43.0  0.0  5.3  X   Y   518
125.174   -7.892  17.5  49.0  73.0  -174.0  5.11  X   Y   519
124.8   -6.6  33.0  49.0  73.0  -174.0  5.0  X   Y   520
126.66   2.39  16.0  204.0  22.0  -158.0  5.2  X   Y   521
125.7   1.8  33.0  147.0  72.0  172.0  4.5  X   Y   522
125.841   1.281  35.0  141.0  86.0  93.0  5.47  X   Y   523
120.043   -1.101  15.0  76.0  52.0  -151.0  5.26  X   Y   524
120.013   -1.19  10.0  321.0  61.0  -59.0  6.24  X   Y   525
126.596   -2.006  15.0  90.0  51.0  -48.0  5.18  X   Y   526
123.9   -0.2  14.9  150.0  49.0  46.0  5.0  X   Y   527
125.883   0.928  31.8  351.0  32.0  73.0  5.24  X   Y   528
125.4   -0.6  33.0  351.0  32.0  73.0  4.9  X   Y   529
122.3   -5.9  33.0  41.0  49.0  121.0  6.9  X   Y   530
122.174   -5.652  11.6  179.0  49.0  59.0  6.44  X   Y   531
122.41   -5.62  20.2  161.0  37.0  88.0  4.9  X   Y   532
126.429   2.637  25.8  354.0  54.0  119.0  5.83  X   Y   533
124.82   -7.993  29.6  143.0  81.0  12.0  5.78  X   Y   534
124.716   -7.931  26.1  227.0  32.0  43.0  5.36  X   Y   535
120.62   -1.04  28.1  90.0  44.0  -91.0  4.8  X   Y   536
126.528   2.932  35.0  4.0  62.0  83.0  5.91  X   Y   537
126.71   2.98  45.3  202.0  32.0  107.0  5.3  X   Y   538
126.3   -1.0  30.0  254.0  50.0  128.0  5.4  X   Y   539
126.145   1.046  31.3  254.0  50.0  128.0  5.29  X   Y   540
120.0   1.5  33.0  116.0  68.0  -21.0  4.7  X   Y   541
126.5   -2.8  18.7  27.0  38.0  93.0  5.6  X   Y   542
126.585   2.742  45.0  167.0  74.0  58.0  5.9  X   Y   543
126.52   2.9  25.4  326.0  58.0  -3.0  5.4  X   Y   544
126.56   2.97  26.1  51.0  40.0  148.0  5.3  X   Y   545
125.9   -2.8  33.0  80.0  44.0  -141.0  4.7  X   Y   546
119.998   -1.227  10.0  320.0  64.0  -53.0  5.88  X   Y   547
126.45   2.64  31.4  180.0  45.0  106.0  4.9  X   Y   548
126.68   2.73  29.4  201.0  35.0  113.0  5.0  X   Y   549
123.7   -5.4  30.0  225.0  31.0  -134.0  5.1  X   Y   550
126.69   2.82  31.4  44.0  44.0  140.0  5.2  X   Y   551
126.43   2.94  31.8  339.0  36.0  90.0  5.0  X   Y   552
125.5   -7.98  25.2  122.0  40.0  135.0  4.7  X   Y   553
125.568   -7.714  15.0  75.0  47.0  134.0  5.14  X   Y   554
123.733   -7.862  15.0  101.0  60.0  171.0  5.09  X   Y   555
124.6   -0.8  33.0  259.0  31.0  140.0  5.2  X   Y   556
124.732   -0.196  30.0  24.0  71.0  65.0  6.35  X   Y   557
119.94   -0.24  12.0  89.0  75.0  -170.0  5.0  X   Y   558
117.898   1.57  15.0  120.0  38.0  93.0  5.4  X   Y   559
125.56   1.67  10.0  54.0  34.0  135.0  5.2  X   Y   560
124.05   -0.64  13.9  14.0  35.0  -5.0  5.0  X   Y   561
123.108   -5.17  15.0  318.0  75.0  51.0  5.58  X   Y   562
126.405   3.822  40.0  283.0  68.0  -42.0  6.12  X   Y   563
126.41   3.78  45.0  171.0  8.0  73.0  5.4  X   Y   564
124.796   -0.224  35.0  22.0  72.0  56.0  6.29  X   Y   565
125.92   -0.24  31.4  267.0  38.0  149.0  6.3  X   Y   566
126.79   -4.71  15.0  221.0  80.0  -2.0  6.1  X   Y   567
121.836   1.205  24.4  69.0  63.0  -97.0  5.52  X   Y   568
121.832   1.25  36.6  240.0  28.0  -98.0  5.33  X   Y   569
123.294   -0.372  30.0  163.0  59.0  35.0  6.3  X   Y   570
123.31   -0.448  36.2  178.0  52.0  51.0  5.05  X   Y   571
119.695   0.231  35.0  351.0  45.0  -94.0  5.22  X   Y   572
124.96   -0.17  21.0  246.0  30.0  119.0  5.8  X   Y   573
123.248   -0.397  35.7  168.0  55.0  37.0  5.95  X   Y   574
123.54   -0.49  31.0  168.0  55.0  37.0  5.1  X   Y   575
123.23   -0.41  45.0  21.0  43.0  107.0  5.0  X   Y   576
126.865   -4.672  16.0  97.0  62.0  106.0  5.79  X   Y   577
121.79   1.28  46.3  85.0  37.0  90.0  4.9  X   Y   578
126.21   -2.87  10.0  140.0  39.0  79.0  5.4  X   Y   579
126.21   -2.86  21.0  175.0  44.0  121.0  5.0  X   Y   580
122.926   1.421  18.9  92.0  29.0  101.0  5.07  X   Y   581
124.83   -0.18  35.0  238.0  34.0  82.0  5.7  X   Y   582
126.84   4.29  28.5  217.0  42.0  109.0  4.9  X   Y   583
125.22   4.95  10.0  315.0  27.0  80.0  5.7  X   Y   584
125.28   4.905  17.8  340.0  20.0  91.0  5.32  X   Y   585
125.38   4.97  10.0  340.0  20.0  91.0  5.3  X   Y   586
125.65   4.78  10.0  329.0  25.0  84.0  5.3  X   Y   587
125.37   4.93  16.0  331.0  28.0  78.0  5.1  X   Y   588
125.312   4.971  15.0  164.0  62.0  92.0  5.94  X   Y   589
126.44   3.92  12.0  170.0  25.0  69.0  5.3  X   Y   590
126.79   2.34  35.0  9.0  36.0  96.0  5.5  X   Y   591
126.78   2.32  36.0  6.0  42.0  101.0  5.6  X   Y   592
121.637   -4.045  15.0  114.0  44.0  -110.0  5.19  X   Y   593
119.287   -3.738  31.8  209.0  46.0  110.0  5.07  X   Y   594
126.67   2.62  35.0  67.0  49.0  -60.0  5.2  X   Y   595
121.87   -0.56  22.2  166.0  85.0  -2.0  4.9  X   Y   596
126.364   1.055  20.0  203.0  49.0  81.0  6.18  X   Y   597
126.023   1.071  30.9  158.0  57.0  33.0  5.34  X   Y   598
126.41   0.45  28.3  216.0  43.0  106.0  5.3  X   Y   599
126.001   1.005  15.0  181.0  77.0  88.0  5.6  X   Y   600
126.502   1.301  31.8  200.0  31.0  86.0  4.99  X   Y   601
126.592   1.25  23.6  208.0  30.0  102.0  5.52  X   Y   602
126.9   1.27  23.6  208.0  30.0  102.0  5.5  X   Y   603
126.637   1.175  21.3  211.0  29.0  113.0  5.56  X   Y   604
125.95   1.64  15.0  358.0  12.0  70.0  5.4  X   Y   605
126.87   3.28  37.8  184.0  25.0  79.0  5.0  X   Y   606
127.006   -1.039  25.0  19.0  75.0  -138.0  6.72  X   Y   607
126.802   -0.014  40.0  177.0  85.0  92.0  5.89  X   Y   608
127.0   4.32  44.0  170.0  46.0  52.0  5.4  X   Y   609
126.9   4.25  28.1  20.0  41.0  101.0  5.1  X   Y   610
126.984   4.168  18.9  22.0  49.0  121.0  5.15  X   Y   611
126.18   -3.7  25.1  345.0  83.0  176.0  5.1  X   Y   612
125.94   0.852  30.4  75.0  74.0  -173.0  5.49  X   Y   613
122.723   1.305  25.0  275.0  72.0  89.0  5.62  X   Y   614
126.79   -1.02  33.0  16.0  57.0  -152.0  5.2  X   Y   615
126.25   0.68  40.0  213.0  46.0  116.0  5.1  X   Y   616
124.57   -0.47  50.0  237.0  40.0  107.0  5.2  X   Y   617
123.54   -3.56  0.6  96.0  33.0  -74.0  5.4  X   Y   618
123.308   -3.615  15.0  96.0  33.0  -74.0  5.08  X   Y   619
127.029   2.444  15.0  10.0  81.0  84.0  5.64  X   Y   620
119.43   -1.35  33.0  28.0  19.0  95.0  5.8  X   Y   621
119.546   -1.444  16.1  28.0  19.0  95.0  5.18  X   Y   622
125.82   -0.9  32.4  234.0  37.0  44.0  5.1  X   Y   623
126.366   3.827  26.0  319.0  73.0  31.0  6.28  X   Y   624
125.54   0.41  22.7  333.0  20.0  71.0  5.2  X   Y   625
122.49   -7.55  20.9  129.0  82.0  177.0  5.1  X   Y   626
125.91   0.79  23.8  13.0  82.0  4.0  4.4  X   Y   627
126.7   2.07  36.1  210.0  41.0  90.0  5.4  X   Y   628
123.46   2.54  33.0  67.0  45.0  78.0  6.3  X   Y   629
126.7   3.12  35.6  207.0  44.0  37.0  4.9  X   Y   630
122.721   -5.882  15.0  207.0  48.0  63.0  5.39  X   Y   631
125.35   -0.27  42.0  244.0  33.0  119.0  5.5  X   Y   632
118.03   -3.536  40.0  261.0  53.0  128.0  5.78  X   Y   633
122.727   1.264  39.5  271.0  69.0  88.0  5.79  X   Y   634
124.5   -0.3  45.7  241.0  34.0  116.0  5.1  X   Y   635
126.65   1.94  29.1  22.0  38.0  129.0  5.2  X   Y   636
125.72   -7.809  15.0  184.0  89.0  28.0  6.08  X   Y   637
125.678   -7.877  23.1  184.0  88.0  34.0  5.94  X   Y   638
125.673   -7.875  15.0  74.0  32.0  164.0  5.4  X   Y   639
125.84   -7.74  17.2  55.0  29.0  113.0  4.9  X   Y   640
125.71   -7.917  17.3  102.0  33.0  148.0  5.04  X   Y   641
125.681   -7.984  16.8  109.0  59.0  -164.0  5.09  X   Y   642
125.734   -7.881  15.0  231.0  62.0  90.0  5.6  X   Y   643
125.75   -7.81  16.6  107.0  45.0  117.0  4.9  X   Y   644
121.8   -7.98  21.2  105.0  79.0  175.0  5.0  X   Y   645
118.28   4.66  12.0  134.0  80.0  8.0  5.0  X   Y   646
122.742   -0.52  21.8  177.0  63.0  -20.0  5.27  X   Y   647
122.66   -0.62  40.0  177.0  63.0  -20.0  5.8  X   Y   648
119.63   -0.338  35.0  230.0  47.0  125.0  5.04  X   Y   649
120.64   0.2  33.0  314.0  35.0  35.0  6.5  X   Y   650
123.05   -0.28  32.0  207.0  44.0  36.0  6.4  X   Y   651
122.18   1.41  10.0  92.0  20.0  84.0  7.7  X   Y   652
122.077   1.29  34.0  278.0  70.0  92.0  7.35  X   Y   653
126.8   1.26  29.0  275.0  58.0  -35.0  5.5  X   Y   654
122.0   -1.48  10.0  119.0  29.0  121.0  5.3  X   Y   655
121.888   1.336  30.0  119.0  29.0  121.0  5.07  X   Y   656
123.494   1.34  19.3  106.0  18.0  97.0  5.4  X   Y   657
124.55   0.15  10.0  258.0  50.0  139.0  5.6  X   Y   658
126.937   3.714  25.0  14.0  62.0  103.0  5.64  X   Y   659
126.86   4.7  25.7  180.0  44.0  103.0  5.0  X   Y   660
126.906   3.6  37.1  175.0  25.0  58.0  5.32  X   Y   661
126.461   3.813  24.1  270.0  11.0  166.0  5.41  X   Y   662
119.843   -1.105  20.0  309.0  50.0  -87.0  5.56  X   Y   663
126.64   -2.91  15.0  325.0  79.0  180.0  5.2  X   Y   664
122.14   2.14  29.6  250.0  29.0  37.0  5.2  X   Y   665
126.95   4.36  11.0  263.0  7.0  180.0  5.9  X   Y   666
126.94   4.48  26.1  263.0  7.0  180.0  5.5  X   Y   667
127.009   4.488  45.0  7.0  88.0  87.0  5.75  X   Y   668
126.415   -4.073  18.4  344.0  80.0  176.0  5.13  X   Y   669
122.295   1.351  29.2  270.0  74.0  88.0  5.68  X   Y   670
124.4   4.65  27.3  149.0  84.0  5.0  5.2  X   Y   671
129.98   2.44  22.5  40.0  42.0  133.0  5.4  X   Y   672
126.99   2.94  45.3  80.0  28.0  117.0  5.5  X   Y   673
120.866   1.165  25.0  262.0  68.0  92.0  5.75  X   Y   674
125.96   2.67  30.0  188.0  39.0  83.0  5.6  X   Y   675
123.228   -3.557  15.0  240.0  52.0  -107.0  5.75  X   Y   676
123.242   -3.62  15.0  84.0  50.0  -55.0  5.39  X   Y   677
123.262   -3.572  15.0  72.0  38.0  -89.0  5.49  X   Y   678
125.93   -7.34  10.0  318.0  69.0  169.0  5.6  X   Y   679
126.05   -7.38  20.3  318.0  69.0  169.0  4.9  X   Y   680
120.75   1.28  10.0  87.0  24.0  96.0  5.6  X   Y   681
120.975   1.18  38.1  87.0  24.0  96.0  5.16  X   Y   682
118.877   -7.998  17.6  88.0  22.0  96.0  4.98  X   Y   683
120.0   -0.5  19.9  73.0  65.0  -179.0  4.8  X   Y   684
122.21   1.66  15.0  96.0  22.0  97.0  5.2  X   Y   685
126.7   3.07  48.6  192.0  28.0  92.0  5.3  X   Y   686
125.011   -0.128  30.0  86.0  80.0  101.0  6.12  X   Y   687
122.41   -0.8  10.0  128.0  39.0  -62.0  5.8  X   Y   688
120.09   -1.25  11.0  336.0  68.0  -16.0  5.1  X   Y   689
124.69   -0.31  30.0  227.0  29.0  87.0  5.2  X   Y   690
120.062   1.033  20.0  43.0  18.0  63.0  5.13  X   Y   691
119.397   -1.478  15.0  348.0  66.0  0.0  5.36  X   Y   692
123.749   -1.202  28.5  218.0  61.0  158.0  5.11  X   Y   693
123.66   -1.27  10.0  218.0  61.0  158.0  5.5  X   Y   694
123.68   -1.19  28.5  218.0  61.0  158.0  5.1  X   Y   695
124.68   -0.98  10.0  161.0  34.0  83.0  5.6  X   Y   696
124.84   -0.88  36.2  161.0  34.0  83.0  5.1  X   Y   697
125.67   -7.29  10.0  93.0  43.0  87.0  6.1  X   Y   698
125.29   -0.2  10.0  236.0  29.0  108.0  5.8  X   Y   699
126.494   -7.613  20.0  108.0  72.0  169.0  5.01  X   Y   700
126.35   2.49  10.0  79.0  35.0  133.0  5.5  X   Y   701
125.5   1.54  30.0  190.0  44.0  72.0  5.0  X   Y   702
126.56   -4.76  19.0  82.0  76.0  4.0  5.0  X   Y   703
122.05   -5.93  11.0  62.0  29.0  139.0  4.9  X   Y   704
117.58   -5.96  16.6  156.0  77.0  -168.0  5.4  X   Y   705
124.93   -0.089  50.0  33.0  61.0  77.0  5.65  X   Y   706
119.78   -0.85  23.0  73.0  74.0  -178.0  5.3  X   Y   707
123.27   1.06  34.7  266.0  26.0  -103.0  4.9  X   Y   708
126.862   2.032  25.0  226.0  69.0  129.0  5.77  X   Y   709
121.487   -2.446  20.0  19.0  87.0  161.0  6.07  X   Y   710
126.999   3.056  25.0  12.0  73.0  77.0  5.85  X   Y   711
122.857   -4.451  15.0  236.0  81.0  -148.0  6.13  X   Y   712
124.59   0.01  10.0  240.0  39.0  110.0  5.1  X   Y   713
123.02   -0.14  35.0  59.0  40.0  126.0  6.1  X   Y   714
125.41   1.0  10.0  80.0  67.0  20.0  5.3  X   Y   715
126.51   2.37  10.0  20.0  80.0  173.0  6.9  X   Y   716
125.331   4.722  15.0  28.0  22.0  100.0  5.35  X   Y   717
121.77   -0.97  10.0  110.0  48.0  -148.0  5.2  X   Y   718
121.779   0.972  27.0  110.0  48.0  -148.0  5.02  X   Y   719
121.732   -4.074  12.3  131.0  45.0  -79.0  5.49  X   Y   720
121.721   -4.083  15.0  142.0  45.0  -75.0  5.21  X   Y   721
126.6   3.04  46.1  191.0  41.0  73.0  5.1  X   Y   722
125.35   -0.14  45.0  227.0  36.0  90.0  5.3  X   Y   723
125.155   -2.111  15.0  334.0  37.0  104.0  5.13  X   Y   724
121.57   1.4  20.5  354.0  42.0  -100.0  5.0  X   Y   725
126.96   2.2  47.6  78.0  67.0  -8.0  5.0  X   Y   726
121.929   -0.642  17.0  10.0  51.0  -28.0  5.47  X   Y   727
120.39   0.14  41.0  300.0  42.0  26.0  5.9  X   Y   728
126.524   -1.458  20.0  346.0  49.0  -75.0  5.82  X   Y   729
119.48   -1.17  10.0  17.0  21.0  72.0  5.6  X   Y   730
126.791   -0.895  15.0  34.0  88.0  -108.0  5.75  X   Y   731
126.782   -0.919  15.0  270.0  19.0  -3.0  5.05  X   Y   732
125.38   4.9  10.0  337.0  85.0  -4.0  5.4  X   Y   733
119.93   -0.35  12.7  250.0  62.0  -161.0  4.8  X   Y   734
124.34   -6.33  10.0  36.0  82.0  -4.0  4.8  X   Y   735
126.81   2.83  47.4  57.0  32.0  -97.0  4.9  X   Y   736
121.85   -2.59  10.0  118.0  44.0  1.0  5.7  X   Y   737
121.94   -2.65  15.0  121.0  59.0  4.0  5.3  X   Y   738
121.0   1.84  10.0  12.0  57.0  3.0  4.9  X   Y   739
125.377   0.356  45.0  29.0  63.0  75.0  5.72  X   Y   740
121.87   -2.63  16.4  129.0  54.0  8.0  5.2  X   Y   741
121.939   -2.618  15.0  111.0  54.0  -3.0  5.3  X   Y   742
126.18   2.22  10.0  80.0  60.0  -164.0  5.5  X   Y   743
123.01   -0.23  10.0  198.0  40.0  79.0  5.8  X   Y   744
122.02   -2.67  10.0  132.0  68.0  -2.0  5.1  X   Y   745
125.56   -0.23  10.0  90.0  60.0  28.0  5.0  X   Y   746
126.48   2.71  34.7  42.0  31.0  104.0  5.1  X   Y   747
118.26   4.66  13.9  110.0  52.0  -16.0  4.8  X   Y   748
122.02   -2.63  12.0  111.0  54.0  -3.0  5.3  X   Y   749
126.68   1.72  10.0  342.0  63.0  22.0  5.0  X   Y   750
123.77   -7.97  12.0  93.0  29.0  114.0  5.2  X   Y   751
120.08   -1.21  10.0  339.0  83.0  -5.0  6.2  X   Y   752
126.23   3.98  45.8  234.0  52.0  -162.0  4.9  X   Y   753
125.96   1.35  13.0  60.0  48.0  163.0  5.1  X   Y   754
126.6   4.6  19.2  157.0  38.0  -58.0  4.9  X   Y   755
123.72   -0.16  10.0  268.0  27.0  113.0  5.0  X   Y   756
125.02   4.61  22.3  330.0  76.0  174.0  4.9  X   Y   757
125.33   -0.17  16.0  242.0  29.0  113.0  5.5  X   Y   758
122.12   1.28  45.0  105.0  22.0  99.0  5.2  X   Y   759
122.131   1.198  35.0  276.0  67.0  87.0  5.51  X   Y   760
124.95   4.55  10.0  11.0  61.0  172.0  5.2  X   Y   761
125.33   -0.17  10.0  248.0  33.0  117.0  5.2  X   Y   762
125.194   4.727  15.0  19.0  63.0  172.0  5.26  X   Y   763
122.21   1.45  10.0  102.0  20.0  101.0  5.7  X   Y   764
122.2   1.82  38.8  93.0  28.0  91.0  5.6  X   Y   765
117.55   -7.96  20.7  79.0  45.0  81.0  4.9  X   Y   766
125.96   0.83  31.4  352.0  43.0  85.0  4.9  X   Y   767
123.863   -0.675  35.0  224.0  73.0  -155.0  6.1  X   Y   768
126.63   1.58  10.0  358.0  44.0  58.0  5.0  X   Y   769
125.8   -5.19  19.0  132.0  81.0  -177.0  5.4  X   Y   770
125.77   -0.21  39.7  276.0  51.0  161.0  5.0  X   Y   771
126.813   3.6  25.4  346.0  40.0  94.0  5.06  X   Y   772
119.839   0.109  33.6  330.0  37.0  37.0  5.35  X   Y   773
117.74   3.0  23.3  221.0  78.0  178.0  4.8  X   Y   774
124.993   -0.158  34.8  33.0  64.0  68.0  5.54  X   Y   775
119.8   -0.64  28.2  330.0  38.0  -19.0  4.9  X   Y   776
120.95   -1.15  20.2  146.0  74.0  8.0  4.9  X   Y   777
121.39   -1.03  18.3  346.0  51.0  53.0  4.8  X   Y   778
121.617   -0.912  16.5  43.0  75.0  169.0  5.27  X   Y   779
122.72   -0.59  12.5  166.0  53.0  -8.0  4.8  X   Y   780
123.33   -3.28  15.2  175.0  33.0  -91.0  4.9  X   Y   781
122.285   1.446  21.0  278.0  68.0  87.0  5.6  X   Y   782
122.363   1.407  21.2  105.0  19.0  98.0  5.37  X   Y   783
124.1   -4.45  15.6  15.0  44.0  179.0  4.9  X   Y   784
122.62   -5.61  17.1  8.0  43.0  79.0  4.8  X   Y   785
121.363   -0.907  15.3  249.0  30.0  -134.0  5.05  X   Y   786
127.046   3.545  16.7  176.0  30.0  78.0  5.12  X   Y   787
126.26   -1.25  18.3  352.0  29.0  -82.0  5.1  X   Y   788
122.97   1.93  16.7  110.0  32.0  -92.0  5.3  X   Y   789
120.248   -1.097  24.8  114.0  28.0  -79.0  5.4  X   Y   790
126.14   0.35  24.4  20.0  37.0  24.0  5.1  X   Y   791
126.43   0.21  27.8  242.0  36.0  128.0  5.0  X   Y   792
122.858   -4.314  15.0  144.0  59.0  -3.0  4.96  X   Y   793
120.02   -0.17  39.7  147.0  32.0  54.0  4.9  X   Y   794
120.04   0.23  46.1  159.0  48.0  -176.0  5.3  X   Y   795
126.533   1.799  33.9  236.0  57.0  104.0  5.46  X   Y   796
126.391   1.868  30.8  72.0  61.0  102.0  5.77  X   Y   797
127.024   2.3  30.1  321.0  54.0  67.0  6.54  X   Y   798
121.55   2.4  43.5  69.0  66.0  16.0  5.0  X   Y   799
126.55   2.02  32.3  267.0  35.0  154.0  5.0  X   Y   800
126.991   2.431  27.4  180.0  54.0  95.0  5.77  X   Y   801
126.19   1.87  33.9  216.0  49.0  46.0  4.8  X   Y   802
122.383   -2.928  19.8  38.0  81.0  158.0  5.63  X   Y   803
122.56   -2.8  27.4  125.0  62.0  11.0  5.0  X   Y   804
126.2   2.04  31.0  45.0  39.0  82.0  5.3  X   Y   805
126.42   2.48  31.6  40.0  26.0  107.0  5.4  X   Y   806
120.95   -2.09  19.9  39.0  70.0  173.0  4.7  X   Y   807
120.026   0.158  35.0  174.0  19.0  -143.0  5.1  X   Y   808
119.761   4.627  18.2  198.0  37.0  128.0  5.63  X   Y   809
119.435   -2.494  17.6  52.0  43.0  -159.0  5.53  X   Y   810
122.378   -0.59  25.1  263.0  29.0  -161.0  6.06  X   Y   811
126.36   0.23  33.6  2.0  68.0  19.0  4.9  X   Y   812
126.646   2.091  50.0  29.0  36.0  94.0  5.61  X   Y   813
124.28   -0.14  49.1  248.0  43.0  136.0  5.3  X   Y   814
124.46   -0.28  41.5  228.0  35.0  109.0  4.9  X   Y   815
126.37   0.55  28.7  14.0  34.0  94.0  4.9  X   Y   816
126.37   1.91  31.3  73.0  80.0  178.0  4.9  X   Y   817
121.02   -1.12  18.1  52.0  70.0  165.0  4.8  X   Y   818
122.25   -0.66  17.6  167.0  45.0  -7.0  5.0  X   Y   819
126.508   1.859  49.8  37.0  40.0  102.0  6.32  X   Y   820
122.89   1.52  27.8  101.0  21.0  96.0  4.9  X   Y   821
126.59   1.79  45.9  181.0  49.0  54.0  5.1  X   Y   822
126.867   3.861  13.6  194.0  30.0  92.0  5.05  X   Y   823
117.683   3.662  16.0  94.0  79.0  4.0  6.05  X   Y   824
125.741   -7.947  18.2  122.0  51.0  -172.0  5.21  X   Y   825
125.01   4.67  15.1  10.0  71.0  -4.0  5.2  X   Y   826
125.153   4.732  13.4  102.0  89.0  -163.0  5.56  X   Y   827
126.85   -0.89  21.5  299.0  65.0  13.0  4.8  X   Y   828
126.394   4.182  31.7  176.0  26.0  86.0  5.92  X   Y   829
126.28   0.366  28.1  226.0  51.0  100.0  5.5  X   Y   830
125.4   -2.95  19.1  323.0  39.0  90.0  4.9  X   Y   831
126.54   0.57  33.1  47.0  49.0  123.0  4.8  X   Y   832
121.77   1.19  44.4  98.0  36.0  91.0  4.9  X   Y   833
126.766   -7.932  25.6  91.0  47.0  114.0  4.99  X   Y   834
126.76   -7.99  13.3  81.0  46.0  122.0  5.3  X   Y   835
126.28   -2.4  22.9  301.0  45.0  53.0  4.9  X   Y   836
120.418   -0.952  18.1  159.0  38.0  -22.0  5.27  X   Y   837
126.69   -2.65  17.1  152.0  46.0  115.0  4.9  X   Y   838
125.38   0.04  32.2  27.0  41.0  129.0  5.0  X   Y   839
124.55   -0.35  42.1  234.0  35.0  117.0  4.9  X   Y   840
124.969   -0.081  46.8  33.0  63.0  71.0  5.66  X   Y   841
120.08   -1.14  21.0  63.0  67.0  -159.0  4.8  X   Y   842
126.921   -1.126  30.8  300.0  25.0  65.0  5.06  X   Y   843
122.15   -2.76  16.0  119.0  41.0  -8.0  5.7  X   Y   844
120.427   -1.297  16.8  277.0  57.0  -98.0  6.58  X   Y   845
120.69   -1.01  17.9  130.0  65.0  2.0  4.9  X   Y   846
120.48   -1.25  18.1  139.0  59.0  -29.0  4.9  X   Y   847
121.81   -2.62  15.7  129.0  45.0  -3.0  5.3  X   Y   848
126.137   -3.623  20.1  260.0  90.0  -3.0  5.78  X   Y   849
121.899   -7.634  20.9  111.0  72.0  -167.0  4.96  X   Y   850
120.23   -1.29  14.8  268.0  30.0  -143.0  4.9  X   Y   851
119.94   -1.328  20.0  64.0  74.0  -179.0  5.02  X   Y   852
120.013   -1.314  19.1  67.0  84.0  178.0  5.07  X   Y   853
126.75   4.29  29.3  13.0  48.0  62.0  4.9  X   Y   854
126.876   -1.149  27.2  298.0  10.0  25.0  5.64  X   Y   855
118.823   -7.871  23.9  77.0  70.0  1.0  5.1  X   Y   856
120.48   -1.34  26.8  275.0  38.0  -97.0  4.8  X   Y   857
126.735   -2.735  9.9  315.0  26.0  72.0  6.0  X   Y   858
126.85   -2.65  14.4  304.0  44.0  55.0  4.9  X   Y   859
123.21   -0.5  49.3  144.0  67.0  22.0  5.2  X   Y   860
126.1   0.4  30.6  14.0  50.0  47.0  5.0  X   Y   861
126.812   1.391  40.0  153.0  79.0  -2.0  6.02  X   Y   862
126.72   2.34  42.1  32.0  35.0  92.0  5.0  X   Y   863
126.59   1.91  36.3  39.0  44.0  102.0  5.3  X   Y   864
120.005   1.026  25.7  64.0  17.0  84.0  5.19  X   Y   865
120.034   1.033  24.5  63.0  36.0  79.0  5.1  X   Y   866
126.82   4.59  37.6  254.0  63.0  161.0  5.1  X   Y   867
125.99   0.69  34.2  40.0  78.0  180.0  5.4  X   Y   868
125.004   4.659  26.1  50.0  75.0  175.0  5.23  X   Y   869
125.79   -7.447  17.7  53.0  45.0  59.0  4.97  X   Y   870
119.67   -0.78  30.2  7.0  34.0  56.0  4.9  X   Y   871
126.34   0.48  22.2  15.0  42.0  80.0  5.2  X   Y   872
119.852   -0.345  25.4  359.0  66.0  -14.0  6.06  X   Y   873
120.02   -0.4  12.0  181.0  77.0  -1.0  5.2  X   Y   874
119.895   -0.273  23.0  348.0  57.0  -15.0  7.57  X   Y   875
120.22   -1.44  12.0  127.0  59.0  4.0  5.0  X   Y   876
120.19   -1.51  22.3  52.0  76.0  -176.0  4.9  X   Y   877
120.15   -1.51  14.7  101.0  38.0  -69.0  5.0  X   Y   878
120.19   -1.43  12.0  116.0  37.0  -56.0  5.1  X   Y   879
120.24   -1.25  26.1  111.0  35.0  -86.0  5.1  X   Y   880
119.65   0.0  15.0  311.0  27.0  12.0  5.3  X   Y   881
126.92   3.37  38.2  183.0  32.0  70.0  5.1  X   Y   882
119.89   -0.52  12.0  258.0  76.0  167.0  5.8  X   Y   883
119.867   -0.695  24.2  349.0  38.0  -3.0  5.34  X   Y   884
119.95   -1.44  15.0  115.0  13.0  6.0  5.4  X   Y   885
126.01   0.2  29.6  346.0  41.0  42.0  4.9  X   Y   886
120.04   -0.87  27.0  145.0  33.0  -48.0  4.9  X   Y   887
121.52   1.43  22.6  186.0  44.0  -76.0  4.8  X   Y   888
126.646   -5.087  19.0  325.0  78.0  170.0  5.66  X   Y   889
120.23   -1.65  22.1  47.0  72.0  -165.0  5.1  X   Y   890
120.46   -1.24  14.4  120.0  37.0  -80.0  4.8  X   Y   891
120.41   -1.25  13.1  124.0  44.0  -60.0  5.0  X   Y   892
119.54   -2.82  12.0  6.0  64.0  173.0  4.7  X   Y   893
119.48   -2.83  12.0  121.0  51.0  2.0  5.2  X   Y   894
125.34   3.469  31.0  357.0  23.0  81.0  5.07  X   Y   895
119.42   -2.86  12.0  76.0  27.0  -68.0  5.3  X   Y   896
119.52   -2.81  12.0  8.0  68.0  175.0  5.0  X   Y   897
119.436   -2.878  15.9  77.0  28.0  -60.0  5.53  X   Y   898
119.58   -2.79  12.7  87.0  49.0  -8.0  4.9  X   Y   899
119.33   -2.99  15.0  55.0  22.0  -29.0  5.0  X   Y   900
126.84   2.93  28.1  45.0  37.0  117.0  5.3  X   Y   901
125.974   0.461  30.0  44.0  18.0  134.0  5.47  X   Y   902
126.825   2.383  35.0  5.0  30.0  83.0  5.55  X   Y   903
126.9   2.54  35.6  219.0  43.0  103.0  5.2  X   Y   904
126.85   4.49  20.1  191.0  41.0  -30.0  5.1  X   Y   905
126.2   0.34  27.0  16.0  46.0  68.0  5.1  X   Y   906
120.29   -1.48  19.7  109.0  41.0  -54.0  4.9  X   Y   907
121.47   -2.43  16.7  111.0  53.0  -14.0  4.7  X   Y   908
119.67   0.12  22.5  60.0  60.0  164.0  4.9  X   Y   909
126.54   1.25  25.5  337.0  62.0  -8.0  5.1  X   Y   910
126.7   -0.98  28.8  326.0  17.0  70.0  5.4  X   Y   911
120.53   -1.77  12.3  136.0  41.0  63.0  5.5  X   Y   912
122.56   -1.85  12.0  43.0  83.0  -175.0  6.8  X   Y   913
122.65   -1.63  19.3  342.0  45.0  70.0  4.9  X   Y   914
125.92   -0.78  19.8  251.0  16.0  72.0  5.3  X   Y   915
122.52   -1.81  17.9  27.0  68.0  -162.0  5.4  X   Y   916
122.16   1.16  46.4  93.0  39.0  92.0  5.1  X   Y   917
119.44   -2.84  15.1  351.0  58.0  -167.0  4.8  X   Y   918
121.65   -2.6  12.0  129.0  72.0  5.0  4.7  X   Y   919
126.24   0.68  26.5  358.0  39.0  94.0  5.0  X   Y   920
126.36   0.81  28.4  171.0  43.0  103.0  5.0  X   Y   921
126.38   0.35  19.6  186.0  31.0  74.0  5.9  X   Y   922
126.49   0.38  27.7  219.0  38.0  137.0  5.0  X   Y   923
126.37   0.15  21.1  209.0  29.0  53.0  5.3  X   Y   924
126.32   0.16  21.9  195.0  44.0  54.0  5.3  X   Y   925
126.17   2.32  48.3  8.0  38.0  129.0  5.2  X   Y   926
126.64   2.41  45.1  24.0  31.0  95.0  5.0  X   Y   927
126.01   -0.21  27.8  83.0  47.0  124.0  5.1  X   Y   928
126.21   0.37  26.4  60.0  34.0  95.0  4.8  X   Y   929
124.65   -0.11  25.0  195.0  13.0  14.0  5.3  X   Y   930
125.12   4.85  32.3  192.0  39.0  78.0  5.0  X   Y   931
123.46   1.58  29.0  85.0  34.0  61.0  5.0  X   Y   932
126.15   1.64  36.0  33.0  42.0  114.0  6.0  X   Y   933
126.1   1.72  26.2  5.0  27.0  62.0  6.1  X   Y   934
126.08   1.72  32.4  346.0  46.0  63.0  5.1  X   Y   935
126.22   1.89  30.7  354.0  31.0  66.0  5.0  X   Y   936
125.3   4.72  21.2  352.0  21.0  91.0  5.4  X   Y   937
125.04   -5.69  12.0  128.0  70.0  169.0  5.5  X   Y   938
126.36   0.79  27.5  59.0  49.0  153.0  5.9  X   Y   939
125.37   -0.42  36.5  255.0  33.0  123.0  5.0  X   Y   940
126.45   -1.26  24.9  323.0  58.0  -152.0  4.8  X   Y   941
121.98   1.6  28.0  91.0  20.0  91.0  5.2  X   Y   942
120.18   -1.68  18.9  36.0  86.0  177.0  5.8  X   Y   943
125.8   -7.87  15.6  11.0  71.0  -16.0  5.5  X   Y   944
125.29   3.87  24.4  18.0  22.0  106.0  4.9  X   Y   945
126.87   0.33  26.3  156.0  69.0  -10.0  5.0  X   Y   946
126.68   1.2  46.7  248.0  80.0  179.0  5.8  X   Y   947
126.15   3.98  28.4  182.0  75.0  168.0  5.2  X   Y   948
126.34   -4.15  23.0  332.0  77.0  -177.0  5.7  X   Y   949
122.16   -2.68  12.0  115.0  32.0  -7.0  4.9  X   Y   950
126.21   -3.81  19.0  252.0  79.0  -5.0  5.4  X   Y   951
126.87   4.25  24.2  188.0  41.0  76.0  4.9  X   Y   952
119.27   -1.92  31.1  7.0  36.0  84.0  4.9  X   Y   953
126.91   4.22  25.8  182.0  38.0  68.0  4.9  X   Y   954
125.48   0.5  32.0  337.0  27.0  66.0  5.0  X   Y   955
122.57   -5.87  12.0  354.0  32.0  54.0  5.3  X   Y   956
119.07   -2.22  21.4  167.0  46.0  46.0  5.5  X   Y   957
124.45   -0.36  39.8  240.0  35.0  116.0  5.4  X   Y   958
123.38   -3.4  15.5  150.0  14.0  74.0  5.4  X   Y   959
126.75   1.73  26.5  358.0  51.0  47.0  5.0  X   Y   960
124.39   -0.35  37.4  247.0  33.0  107.0  5.2  X   Y   961
124.55   -0.26  40.6  230.0  29.0  87.0  5.2  X   Y   962
122.25   -2.66  13.2  95.0  32.0  -13.0  5.0  X   Y   963
119.97   1.31  25.0  60.0  15.0  82.0  5.3  X   Y   964
118.85   -2.84  20.7  353.0  28.0  60.0  5.7  X   Y   965
118.85   -2.82  18.2  330.0  17.0  59.0  6.3  X   Y   966
122.51   -2.59  29.2  69.0  43.0  -109.0  4.9  X   Y   967
124.42   -0.26  41.2  236.0  34.0  113.0  4.8  X   Y   968
119.94   1.23  28.6  47.0  19.0  77.0  5.1  X   Y   969
121.92   1.56  28.1  96.0  20.0  95.0  5.9  X   Y   970
126.49   4.97  44.4  141.0  46.0  -172.0  4.8  X   Y   971
126.96   1.09  25.5  142.0  82.0  6.0  5.4  X   Y   972
125.35   -0.35  41.4  239.0  33.0  108.0  4.9  X   Y   973
126.31   0.82  30.5  13.0  46.0  70.0  4.9  X   Y   974
120.19   -1.52  17.2  87.0  42.0  -82.0  4.7  X   Y   975
119.95   1.22  25.0  66.0  10.0  83.0  5.2  X   Y   976
126.29   0.28  20.4  266.0  51.0  132.0  6.2  X   Y   977
126.15   0.32  24.1  40.0  35.0  101.0  5.5  X   Y   978
126.39   0.43  31.2  224.0  44.0  113.0  4.9  X   Y   979
126.35   0.28  27.4  229.0  40.0  99.0  4.9  X   Y   980
126.25   0.16  18.4  85.0  50.0  138.0  5.4  X   Y   981
126.66   3.1  46.8  188.0  26.0  94.0  5.2  X   Y   982
126.25   0.41  25.1  11.0  53.0  2.0  4.8  X   Y   983
126.71   3.01  41.7  190.0  25.0  94.0  6.2  X   Y   984
126.81   2.94  43.8  193.0  30.0  94.0  5.8  X   Y   985
126.75   2.89  36.8  198.0  21.0  116.0  5.2  X   Y   986
119.43   -2.86  12.0  81.0  34.0  -60.0  5.2  X   Y   987
126.73   2.87  47.6  209.0  31.0  99.0  5.5  X   Y   988
121.95   -0.64  12.0  138.0  41.0  -61.0  5.7  X   Y   989
121.97   -0.68  12.0  139.0  42.0  -59.0  6.2  X   Y   990
121.52   -0.73  12.0  138.0  75.0  6.0  5.8  X   Y   991
122.05   1.3  40.2  2.0  53.0  35.0  5.2  X   Y   992
126.62   1.88  38.0  195.0  41.0  67.0  5.5  X   Y   993
126.37   0.49  23.1  213.0  46.0  106.0  5.1  X   Y   994
125.61   -7.5  17.8  47.0  33.0  60.0  5.5  X   Y   995
120.65   -1.29  16.1  234.0  60.0  -157.0  5.1  X   Y   996
123.62   -0.72  36.2  158.0  40.0  37.0  5.0  X   Y   997
121.97   -7.46  13.5  19.0  71.0  1.0  7.3  X   Y   998
126.68   2.28  33.5  22.0  41.0  74.0  5.3  X   Y   999
118.72   -7.74  12.0  40.0  44.0  -129.0  4.9  X   Y   1000
124.08   -4.47  14.7  293.0  85.0  0.0  4.8  X   Y   1001
126.1   0.43  16.0  182.0  10.0  -81.0  5.3  X   Y   1002
122.9   -3.75  18.6  176.0  63.0  21.0  4.7  X   Y   1003
126.94   3.66  43.4  293.0  33.0  -133.0  4.9  X   Y   1004
122.75   -3.75  15.1  75.0  70.0  168.0  5.2  X   Y   1005
126.9   2.13  24.3  345.0  49.0  32.0  6.0  X   Y   1006
122.34   -2.72  12.0  100.0  76.0  -2.0  4.8  X   Y   1007
124.55   -0.35  37.8  233.0  29.0  104.0  5.0  X   Y   1008
120.6   -2.06  16.4  126.0  74.0  -5.0  4.7  X   Y   1009
118.5   -2.7  34.9  327.0  53.0  6.0  5.9  X   Y   1010
125.9   1.1  32.8  3.0  33.0  99.0  5.3  X   Y   1011
126.93   0.92  25.3  143.0  86.0  -1.0  5.0  X   Y   1012
122.45   -7.55  16.5  120.0  67.0  165.0  5.4  X   Y   1013
122.44   -7.57  14.8  87.0  37.0  98.0  5.5  X   Y   1014
126.34   0.34  23.1  214.0  39.0  88.0  5.4  X   Y   1015
122.69   -2.35  12.0  37.0  71.0  -178.0  5.0  X   Y   1016
126.33   1.9  30.4  251.0  44.0  107.0  5.8  X   Y   1017
