3.1500e+02 2.5000e+01 9.0010e+01
1.6856e+02 2.5886e+01 6.8693e+01
9.1000e+01 8.3000e+01 3.0000e+00
1.7510e+02 2.2660e+01 5.3330e+01
6.1715e+01 3.5050e+01 1.2517e+02
8.3000e+01 1.8000e+01 1.2300e+02
1.3400e+02 3.4000e+01 4.2000e+01
1.2392e+02 7.7032e+01 4.1049e+00
2.6375e+01 3.2347e+01 9.7940e+01
1.0700e+02 1.2000e+01 1.1600e+02
2.6388e+02 4.8795e+01 -1.0357e+02
2.6400e+02 4.8000e+01 -1.0400e+02
2.8300e+02 8.0000e+01 -1.3000e+01
3.1000e+02 6.5000e+01 -1.4000e+02
9.7000e+01 8.3000e+01 -1.7500e+02
2.7000e+02 2.4000e+01 -1.0000e+01
8.0265e+01 4.2070e+01 1.2977e+02
1.2300e+02 2.4000e+01 1.9000e+01
1.3500e+02 8.8000e+01 -1.4000e+01
3.5900e+02 2.4000e+01 -3.6000e+01
2.2066e+02 1.7699e+01 1.0591e+02
4.4499e-01 2.0380e+01 -1.0085e+02
1.8105e+02 4.9370e+01 -1.7076e+02
2.0200e+02 2.3000e+01 9.0010e+01
4.1661e+00 3.3646e+01 6.4479e+01
3.5480e+02 2.7017e+01 8.8038e+01
8.2928e+01 8.0000e+00 8.9929e+01
1.3407e+02 2.0408e+01 4.7922e+01
2.0000e+00 4.6000e+01 5.6000e+01
3.0376e+02 2.8579e+01 3.5183e+01
1.4684e+02 4.2946e+01 4.3557e+01
3.4335e+02 4.5693e+01 5.7244e+01
1.8000e+01 3.6000e+01 -1.5000e+02
2.7900e+02 6.2000e+01 -4.4000e+01
1.8238e+02 4.1834e+01 1.5078e+02
1.1000e+02 1.4000e+01 4.1000e+01
2.0800e+02 4.0921e+01 1.3612e+02
2.3301e+02 4.5302e+01 1.2999e+02
1.1007e+02 2.1480e+01 -2.2338e+01
1.1000e+02 2.2000e+01 -2.2000e+01
1.0779e+02 1.6595e+01 5.7895e+01
1.0700e+02 1.7000e+01 5.7000e+01
1.0300e+02 5.9000e+01 -1.4000e+01
1.0300e+02 5.9000e+01 -1.4000e+01
2.1820e+02 3.6381e+01 1.2518e+02
2.2000e+02 3.6000e+01 1.2600e+02
2.7084e+02 6.1359e+01 -3.5933e+01
3.1737e+02 4.7287e+01 -1.1676e+02
3.5000e+01 3.3000e+01 8.4000e+01
1.2700e+02 6.9000e+01 3.7000e+01
3.3836e+02 2.5538e+01 2.1276e+01
3.3900e+02 2.6000e+01 2.2000e+01
8.6540e+01 7.0155e+01 -1.7256e+02
8.6000e+01 7.0000e+01 -1.7300e+02
3.9628e+01 3.5261e+01 5.7117e+01
4.0000e+01 3.5000e+01 5.7000e+01
3.4400e+02 1.8000e+01 6.0000e+00
6.0000e+00 4.6000e+01 9.2000e+01
5.8305e+01 1.4177e+01 5.1173e+01
5.7427e+01 1.7736e+01 3.8781e+01
4.1487e+01 3.8055e+01 2.6562e+01
3.5600e+02 2.8000e+01 7.6000e+01
1.3964e+01 1.6000e+01 8.9965e+01
1.9000e+01 2.6000e+01 1.3300e+02
3.1900e+02 2.1000e+01 -5.6000e+01
3.8000e+01 4.4000e+01 1.3100e+02
1.7900e+02 2.2000e+01 9.7000e+01
4.1137e+01 2.0058e+01 1.1571e+02
1.8465e+02 3.9772e+01 5.5928e+01
2.3091e+02 1.5621e+01 1.1605e+02
1.4140e+02 7.6917e+01 2.9850e+01
3.0700e+02 4.1000e+01 -1.9000e+01
3.0708e+02 4.1470e+01 -1.8298e+01
3.1200e+02 7.2000e+01 -2.8000e+01
6.0348e+01 3.7046e+01 1.7668e+02
2.8368e+02 8.4008e+01 -3.0165e+00
2.8300e+02 8.4000e+01 -3.0000e+00
9.4922e+01 2.0024e+01 9.2745e+01
7.9582e+01 8.3180e+01 -1.6691e+02
7.3959e+01 2.1361e+01 7.9700e+01
1.2459e+01 3.4278e+01 7.0201e+01
1.9200e+02 3.5000e+01 1.2000e+02
3.0900e+02 1.5000e+01 1.4600e+02
3.4300e+02 2.4000e+01 6.9000e+01
1.9493e+02 4.3037e+01 9.2143e+01
3.2698e+02 1.7842e+01 6.4110e+01
2.9639e+02 2.9141e+01 6.1697e+00
2.9700e+02 2.9000e+01 6.0000e+00
3.5641e+02 3.6234e+01 4.3482e+01
3.0555e+01 4.0010e+01 9.1192e+01
3.4611e+02 1.6595e+01 3.3212e+01
3.4700e+02 1.6000e+01 3.4000e+01
2.3693e+02 1.0763e+01 -6.8416e+01
2.0377e+02 1.1045e+01 -9.5131e+01
2.1466e+02 1.1646e+01 -1.4881e+02
3.3400e+02 6.1000e+01 1.1500e+02
3.4200e+02 3.8000e+01 9.5000e+01
3.4847e+02 4.1790e+01 6.4566e+01
3.3900e+02 4.3000e+01 1.1100e+02
3.4740e+01 1.1169e+01 1.1630e+02
1.4263e+02 3.7535e+01 3.2302e+01
2.7500e+02 8.5000e+01 -1.8000e+01
3.5854e+02 4.5158e+01 5.8077e+01
3.3717e+02 4.7740e+01 2.4679e+01
2.0000e+01 4.3000e+01 5.5000e+01
2.1241e+02 3.9011e+01 8.8765e+01
2.0531e+01 3.3849e+01 7.7904e+01
1.7600e+02 3.2000e+01 9.0010e+01
3.4400e+02 4.9000e+01 6.2000e+01
1.2700e+02 2.1000e+01 3.0000e+01
3.4701e+02 3.0533e+01 7.2606e+01
3.5400e+02 4.6000e+01 6.4000e+01
3.3100e+02 3.9000e+01 8.7000e+01
2.3000e+02 2.4000e+01 1.1800e+02
2.3169e+02 3.2888e+01 1.2016e+02
2.3200e+02 3.3000e+01 1.2100e+02
2.4046e+02 2.4034e+01 1.2693e+02
2.4000e+02 2.4000e+01 1.2600e+02
2.2780e+02 3.0732e+01 1.0192e+02
3.5900e+02 2.9000e+01 7.6000e+01
3.5900e+02 2.9000e+01 7.6000e+01
2.2878e+02 2.7121e+01 1.0593e+02
2.2900e+02 2.8000e+01 1.0600e+02
1.6116e+02 4.1866e+01 6.1729e+01
6.9000e+01 8.3000e+01 -1.4000e+01
1.8500e+02 3.0015e+01 9.1731e+01
3.4436e+02 4.7812e+01 -1.5108e+02
5.6000e+01 6.0000e+01 8.0000e+00
2.5857e+02 5.6604e+01 1.4450e+02
9.6020e+00 4.2472e+01 8.2292e+01
1.0000e+01 4.2000e+01 8.2000e+01
2.0000e+02 4.2000e+01 1.0900e+02
8.5525e+01 8.1012e+01 1.7696e+02
2.1000e+02 3.2000e+01 2.0000e+00
1.9536e+02 2.6416e+01 1.4442e+02
3.4000e+01 4.5000e+01 1.1600e+02
3.4000e+01 4.5000e+01 1.1600e+02
2.6121e+01 3.1058e+01 8.6676e+01
1.7594e+02 4.4714e+01 5.2636e+01
1.6186e+01 3.4775e+01 4.7814e+01
2.7562e+01 2.5886e+01 6.8693e+01
2.2847e+02 4.5928e+01 1.0833e+02
2.7894e+02 1.6121e+01 7.2204e+00
4.0000e+00 1.9000e+01 5.4000e+01
1.6000e+01 3.9000e+01 6.6000e+01
2.0888e+02 4.0921e+01 1.2600e+02
1.8060e+01 9.9883e+00 1.2664e+02
2.3095e+02 2.0508e+01 1.2811e+02
2.2200e+02 4.6000e+01 1.0100e+02
2.3200e+02 4.7000e+01 1.3400e+02
2.8831e+01 3.1475e+01 4.3343e+01
1.6300e+02 2.2000e+01 5.6000e+01
3.5500e+02 1.7000e+01 8.5000e+01
3.5500e+02 1.7000e+01 8.5000e+01
3.2300e+02 2.7000e+01 6.9000e+01
2.1003e+02 3.4317e+01 1.6206e+02
2.0271e+02 2.6774e+01 1.3953e+02
2.6333e+01 4.0660e+01 -8.0583e+01
2.2200e+02 3.2000e+01 9.7000e+01
3.3400e+02 7.2000e+01 4.0000e+00
1.5460e+02 4.2715e+01 4.9398e+01
3.5075e+02 3.6344e+01 6.0351e+01
4.7000e+01 5.5000e+01 1.4000e+02
2.0700e+02 3.3000e+01 1.1100e+02
3.1641e+02 6.4655e+01 1.4870e+02
3.1641e+02 6.4655e+01 1.4870e+02
7.1000e+01 6.2000e+01 -2.1000e+01
1.9500e+02 5.1000e+01 1.7700e+02
2.2900e+02 4.1000e+01 -1.5600e+02
2.5700e+02 6.4000e+01 7.3000e+01
9.8146e+01 2.3327e+01 9.9332e+01
6.1742e+01 3.3400e+01 5.8521e+01
6.0000e+01 3.8000e+01 4.1000e+01
8.4300e+01 4.7654e+01 -1.6778e+02
8.5000e+01 4.8000e+01 -1.6800e+02
5.8298e+01 3.2372e+01 5.4960e+01
5.9000e+01 3.2000e+01 5.6000e+01
1.6000e+01 2.1000e+01 2.1000e+01
1.1360e+02 2.7068e+01 8.6082e+01
5.8000e+01 1.7000e+01 5.7000e+01
2.6400e+02 5.5000e+01 -1.5000e+01
4.7000e+01 1.8000e+01 7.0000e+01
6.6232e+01 2.8353e+01 1.0707e+02
6.5000e+01 2.9000e+01 1.0600e+02
1.1900e+02 1.2000e+01 1.0900e+02
5.7000e+01 2.9000e+01 6.6000e+01
7.4154e+01 1.6085e+01 1.1917e+02
7.2000e+01 2.9000e+01 4.9000e+01
7.2000e+01 2.9000e+01 4.9000e+01
4.5715e+01 3.1476e+01 -6.4045e+01
2.1300e+02 2.0000e+01 1.0200e+02
2.5234e+02 7.7038e+01 -1.5739e+02
7.5000e+01 2.6000e+01 8.0000e+01
2.3239e+02 5.0371e+01 1.2861e+02
3.5500e+02 4.9000e+01 6.3000e+01
8.8878e+01 1.9101e+01 8.4213e+01
3.2200e+02 4.8000e+01 6.7000e+01
3.5200e+02 4.0000e+01 1.0700e+02
3.2240e+02 4.1489e+01 8.2019e+01
7.4000e+01 2.6000e+01 6.1000e+01
9.4000e+01 2.1000e+01 8.4000e+01
2.9600e+02 3.6000e+01 7.5000e+01
1.8325e+02 5.3842e+00 1.5817e+02
3.2000e+01 3.6000e+01 9.2000e+01
7.1266e+00 4.3955e+01 6.2499e+01
1.1000e+01 4.1000e+01 -8.7000e+01
1.2200e+02 9.0000e+00 1.0600e+02
9.1217e+01 2.4280e+01 7.1847e+01
1.1199e+02 7.2787e+00 1.0587e+02
2.8000e+01 3.2000e+01 1.0200e+02
3.2100e+02 6.3000e+01 1.5000e+02
6.9000e+01 3.1000e+01 5.8000e+01
8.8276e+01 2.5075e+01 8.5720e+01
2.6438e+02 5.6084e+01 7.1728e+01
2.8596e+02 5.0727e+01 9.8290e+01
6.7381e+01 2.9677e+01 5.5237e+01
7.0000e+00 2.5000e+01 1.3300e+02
3.5000e+02 1.4000e+01 1.0600e+02
1.2172e+02 8.8019e+01 -8.0048e+00
3.9000e+01 2.9000e+01 1.3800e+02
1.0000e+00 3.9000e+01 5.2000e+01
1.9700e+02 6.0000e+00 1.2100e+02
1.1206e+02 1.4390e+01 1.2322e+02
2.3818e+02 1.3397e+01 6.3814e+01
3.3400e+02 5.2000e+01 1.0700e+02
2.7300e+02 5.2000e+01 8.4000e+01
2.6925e+02 4.0259e+01 8.4070e+01
2.8000e+02 4.1000e+01 8.3000e+01
7.2417e+01 2.4814e+01 3.8076e+01
2.2300e+02 2.3000e+01 9.8000e+01
5.3000e+01 3.3000e+01 5.6000e+01
2.9500e+02 4.2000e+01 1.1700e+02
4.3000e+01 3.0000e+01 1.3600e+02
6.7368e+01 1.3423e+01 1.3158e+02
6.7597e+01 7.1147e+01 1.7260e+02
6.8000e+01 7.2000e+01 1.7300e+02
6.8000e+01 7.2000e+01 1.7300e+02
7.2000e+01 6.1000e+01 -3.0000e+00
7.2000e+01 6.1000e+01 -3.0000e+00
3.4300e+02 1.3000e+01 -1.2600e+02
1.8000e+02 2.8000e+01 7.6000e+01
7.4000e+01 3.7000e+01 5.9000e+01
2.2417e+02 2.9991e+01 1.0409e+02
2.2400e+02 3.0000e+01 1.0300e+02
3.0900e+02 1.0000e+01 1.2700e+02
2.4365e+02 5.9467e+01 5.6631e+01
2.4205e+02 4.6536e+01 9.7655e+01
2.8500e+02 5.6000e+01 -1.8000e+01
2.6345e+02 5.5872e+01 8.1717e+01
2.7400e+02 2.4000e+01 -1.3800e+02
4.1224e+01 1.4825e+01 1.3726e+02
3.6896e+01 1.0803e+01 1.2342e+02
3.5000e+01 1.1000e+01 1.2200e+02
3.5000e+01 1.1000e+01 1.2200e+02
7.6808e+00 3.4881e+01 7.2247e+01
3.3323e+02 2.8865e+01 6.5240e+01
3.3300e+02 2.9000e+01 6.5000e+01
3.3400e+02 4.4000e+01 -8.5000e+01
3.3400e+02 4.4000e+01 -8.5000e+01
3.5544e+02 1.3867e+01 -1.1983e+02
3.5600e+02 1.3000e+01 -1.1900e+02
2.6600e+02 3.1000e+01 1.5400e+02
1.0900e+02 1.3000e+01 9.3000e+01
3.2470e+02 4.6069e+01 2.9842e+01
4.2000e+01 4.1000e+01 -6.0000e+00
3.4000e+01 3.6000e+01 7.4000e+01
3.4000e+01 3.6000e+01 7.4000e+01
1.8000e+02 3.8000e+01 1.2000e+01
3.0712e+02 8.7219e+01 2.2027e+01
1.2988e+02 8.7131e+01 -1.6298e+02
1.3000e+02 8.8000e+01 -1.6300e+02
6.6000e+01 4.6000e+01 1.1500e+02
6.6000e+01 4.6000e+01 1.1500e+02
3.3000e+02 5.7000e+01 3.1000e+01
3.4813e+02 2.7827e+01 1.0345e+02
1.4200e+02 7.4000e+01 1.6000e+01
1.4200e+02 7.4000e+01 1.6000e+01
1.2900e+02 2.9000e+01 -5.8000e+01
1.1431e+02 8.8025e+01 9.0054e+00
1.1431e+02 8.8025e+01 9.0054e+00
1.1431e+02 8.8025e+01 9.0054e+00
2.0700e+02 1.7000e+01 1.3600e+02
2.8000e+02 7.0000e+01 -5.0000e+00
1.9586e+02 3.6430e+01 8.1813e+01
1.9600e+02 3.7000e+01 8.2000e+01
1.0900e+02 5.7000e+01 -2.4000e+01
1.0900e+02 5.7000e+01 -2.4000e+01
1.5100e+02 4.1000e+01 5.4000e+01
4.3608e+00 4.7243e+01 6.5690e+01
1.8402e+02 3.7104e+01 -9.3973e+01
1.8500e+02 3.7000e+01 -9.3000e+01
1.8500e+02 3.7000e+01 -9.3000e+01
1.4000e+01 4.8000e+01 1.1600e+02
1.8000e+01 2.6000e+01 1.3900e+02
1.8426e+02 3.1916e+01 1.0304e+02
3.3259e+01 6.3999e+00 5.1434e+01
3.6000e+01 6.0000e+00 5.4000e+01
3.6000e+01 6.0000e+00 5.4000e+01
2.6107e+02 7.1963e+01 1.8965e+01
2.6107e+02 7.1963e+01 1.8965e+01
5.3000e+01 5.7000e+01 -8.0000e+00
2.0200e+02 2.8000e+01 7.8000e+01
1.4800e+02 2.0000e+01 1.2400e+02
1.4231e+02 5.6094e+01 1.7518e+02
5.5748e+01 1.3913e+01 6.9318e+01
6.0878e+01 1.4549e+01 7.4370e+01
2.9700e+02 6.2000e+01 3.0000e+00
1.9143e+02 2.1091e+01 8.4805e+01
2.7900e+02 3.3000e+01 1.0100e+02
3.5081e+02 1.9335e+01 5.6359e+01
5.8000e+01 2.2000e+01 6.6000e+01
2.9304e+01 2.5464e+01 7.9413e+01
3.0000e+01 2.6000e+01 8.0000e+01
3.5400e+02 2.4000e+01 4.3000e+01
2.0000e+02 3.6000e+01 1.0900e+02
1.9943e+02 3.6119e+01 1.0844e+02
8.6478e+01 2.1522e+01 5.7385e+01
6.2118e+01 1.4849e+01 7.0732e+01
6.3000e+01 1.4000e+01 7.1000e+01
6.3000e+01 1.4000e+01 7.1000e+01
5.8957e+01 1.4296e+01 6.5641e+01
7.0000e+01 2.5000e+01 6.8000e+01
7.0000e+01 2.5000e+01 6.8000e+01
5.7323e+01 1.5793e+01 7.1982e+01
5.7000e+01 1.6000e+01 7.1000e+01
5.7000e+01 1.6000e+01 7.1000e+01
4.7000e+01 2.4000e+01 3.8000e+01
2.3570e+02 2.7170e+01 1.1225e+02
2.6958e+02 5.5927e+01 -1.2910e+02
2.7000e+02 5.6000e+01 -1.2900e+02
4.0000e+01 2.1000e+01 5.0000e+01
4.0000e+01 2.1000e+01 5.0000e+01
4.5089e+01 2.9362e+01 -6.7802e+01
5.2989e+01 1.7428e+01 6.6974e+01
5.2000e+01 1.7000e+01 6.6000e+01
9.5000e+01 2.1000e+01 8.2000e+01
9.5000e+01 2.1000e+01 8.2000e+01
5.9000e+01 3.2000e+01 1.1100e+02
3.0661e+01 3.6050e+00 3.3713e+01
2.0705e+02 4.1040e+01 9.2299e+01
1.4200e+02 5.7000e+01 1.7500e+02
2.3500e+02 1.8000e+01 1.2300e+02
2.1300e+02 4.0000e+01 1.0600e+02
2.1300e+02 4.0000e+01 1.0600e+02
1.8700e+02 3.4000e+01 4.1000e+01
1.8700e+02 3.4000e+01 4.1000e+01
2.7800e+02 1.8000e+01 -1.2800e+02
2.0800e+02 1.9000e+01 8.0000e+01
2.3467e+02 1.8738e+01 1.1448e+02
2.8700e+02 4.6000e+01 -5.9000e+01
3.2200e+02 8.6000e+01 2.0000e+00
3.1300e+02 6.5000e+01 2.7000e+01
2.3000e+01 3.5000e+01 8.9000e+01
2.3257e+01 3.5012e+01 8.8572e+01
1.3000e+01 4.0000e+01 1.1000e+02
2.9400e+02 6.2000e+01 1.6900e+02
2.9678e+02 8.5062e+01 9.0338e+00
2.9700e+02 8.5000e+01 9.0000e+00
9.7789e+01 2.1023e+01 9.2603e+01
9.8000e+01 2.1000e+01 9.3000e+01
9.8000e+01 2.1000e+01 9.3000e+01
3.2000e+01 2.6000e+01 1.2200e+02
8.1000e+01 1.8000e+01 4.4000e+01
1.0900e+02 6.6000e+01 2.2000e+01
2.5100e+02 6.9000e+01 1.6600e+02
1.0767e+02 6.3481e+01 1.5980e+02
2.4400e+02 2.1000e+01 1.0500e+02
2.6800e+02 6.9000e+01 -3.0000e+00
2.1500e+02 1.9000e+01 1.0000e+02
1.8100e+02 2.9000e+01 1.3000e+02
1.8100e+02 2.9000e+01 1.3000e+02
2.7596e+02 6.3158e+01 3.8808e+01
2.0100e+02 3.3000e+01 1.2900e+02
2.3909e+02 2.9362e+01 1.1220e+02
3.0700e+02 3.7000e+01 7.3000e+01
3.1300e+02 3.0000e+01 7.4000e+01
3.5900e+02 3.4000e+01 4.1000e+01
3.5500e+02 3.1000e+01 3.5000e+01
3.5500e+02 3.1000e+01 3.5000e+01
6.1453e+01 3.8631e+01 -7.4575e+01
5.6618e+01 7.7072e+01 1.7384e+02
3.1252e+02 7.6017e+01 -2.1673e+01
3.2700e+02 5.4000e+01 1.6000e+01
5.8976e+01 2.5000e+01 8.9979e+01
5.9000e+01 2.5000e+01 9.0010e+01
9.2288e+01 6.3054e+01 -2.8300e+01
2.0100e+02 3.7000e+01 7.7000e+01
8.3310e+01 7.0153e+01 1.5330e+02
7.8000e+01 2.8000e+01 1.6800e+02
7.8000e+01 2.8000e+01 1.6800e+02
3.3971e+02 3.6050e+00 1.2366e+02
5.1435e+01 4.8077e+01 1.4686e+02
1.9000e+02 3.7000e+01 6.7000e+01
2.4165e+02 8.5012e+01 1.7598e+02
1.8500e+02 2.9000e+01 6.7000e+01
3.1000e+01 2.7000e+01 8.9000e+01
1.0586e+02 7.4023e+01 -1.7688e+02
1.4900e+02 4.1000e+01 1.4200e+02
3.0800e+02 5.1000e+01 -2.5000e+01
1.7700e+02 2.8000e+01 7.4000e+01
4.9000e+01 1.9000e+01 5.6000e+01
2.2600e+02 2.9000e+01 6.7000e+01
9.3000e+01 5.8000e+01 -3.1000e+01
1.4900e+02 1.9000e+01 2.8000e+01
2.2700e+02 3.0000e+01 7.0000e+01
2.9800e+02 2.3000e+01 4.5000e+01
2.5900e+02 3.4000e+01 8.2000e+01
1.2530e+02 8.0025e+01 -4.0615e+00
1.4500e+02 7.4000e+01 2.1000e+01
2.2000e+01 3.9000e+01 -1.0000e+00
7.6000e+01 5.1000e+01 1.5200e+02
2.3100e+02 2.9000e+01 1.4100e+02
2.4800e+02 5.5000e+01 1.3500e+02
1.7271e+01 3.7288e+01 9.6597e+01
2.6500e+02 4.3000e+01 -9.3000e+01
8.7000e+01 8.0000e+00 -1.6900e+02
2.1111e+02 1.3336e+01 -7.7227e+01
2.3000e+01 3.0000e+01 1.0400e+02
2.3000e+01 3.0000e+01 1.0400e+02
2.3000e+01 3.0000e+01 1.0400e+02
2.1000e+01 4.2000e+01 9.0010e+01
2.1000e+01 4.2000e+01 9.0010e+01
4.5000e+01 3.7000e+01 -7.6000e+01
4.5000e+01 3.7000e+01 -7.6000e+01
2.0300e+02 5.8000e+01 -1.6800e+02
5.5090e+01 1.5621e+01 6.3951e+01
3.1900e+02 8.3000e+01 2.6000e+01
3.1853e+02 8.2814e+01 2.6221e+01
3.1013e+02 8.5128e+01 1.3048e+01
3.1000e+02 8.5000e+01 1.3000e+01
1.0624e+02 7.6054e+01 5.1523e+00
1.1513e+02 6.9389e+01 -2.1433e+01
3.3600e+02 5.8000e+01 4.8000e+01
2.3570e+02 3.2372e+01 1.2504e+02
1.3222e+02 8.8159e+01 -2.3013e+01
6.8000e+01 1.6000e+01 6.4000e+01
1.0388e+02 7.3137e+01 -1.5168e+02
2.9500e+02 2.2000e+01 3.0000e+00
3.1306e+02 6.3443e+01 1.1194e+01
2.6100e+02 1.8000e+01 8.9000e+01
2.6100e+02 1.8000e+01 8.9000e+01
1.9300e+02 2.8000e+01 6.8000e+01
1.9300e+02 2.8000e+01 6.8000e+01
1.3245e+02 8.8051e+01 1.3008e+01
1.2400e+02 8.0000e+00 -4.9000e+01
1.2400e+02 8.0000e+00 -4.9000e+01
1.0800e+02 5.4000e+01 -1.5000e+02
1.0800e+02 5.4000e+01 -1.5000e+02
4.0000e+00 2.8000e+01 3.1000e+01
1.6665e+02 2.0558e+01 6.7992e+01
1.6500e+02 2.0000e+01 6.6000e+01
6.6000e+01 1.8000e+01 4.5000e+01
6.6000e+01 1.8000e+01 4.5000e+01
1.9696e+02 4.1992e+01 7.8703e+01
1.9700e+02 4.2000e+01 7.8000e+01
1.9700e+02 4.2000e+01 7.8000e+01
1.8935e+02 4.6799e+01 4.4955e+01
5.0000e+01 5.5000e+01 1.3100e+02
2.1100e+02 4.2000e+01 9.8000e+01
2.1100e+02 4.2000e+01 9.8000e+01
2.2500e+02 2.9000e+01 9.0010e+01
6.8000e+01 3.0000e+01 1.7100e+02
3.5100e+02 4.5000e+01 4.8000e+01
2.9600e+02 3.0000e+01 6.9000e+01
3.1800e+02 4.7000e+01 -3.5000e+01
2.2300e+02 2.6000e+01 9.2000e+01
2.6900e+02 2.8000e+01 1.3900e+02
2.2800e+02 1.1000e+01 1.4200e+02
2.2407e+02 1.0615e+01 1.3858e+02
2.2800e+02 1.1000e+01 1.4200e+02
1.9700e+02 3.4000e+01 6.7000e+01
1.9581e+02 3.3226e+01 6.5854e+01
2.0580e+02 2.7017e+01 8.8038e+01
8.0933e+01 7.9169e+01 -1.6982e+02
4.3000e+01 6.0000e+01 1.5700e+02
1.7500e+02 2.4000e+01 5.1000e+01
3.9794e+01 5.1268e+01 1.2275e+02
3.6159e+00 4.5500e+01 7.6887e+01
4.0000e+00 4.5000e+01 7.7000e+01
4.0000e+00 4.5000e+01 7.7000e+01
3.4600e+02 4.6000e+01 4.1000e+01
3.1300e+02 1.1000e+01 -1.7700e+02
3.1300e+02 1.1000e+01 -1.7700e+02
2.7800e+02 2.9000e+01 1.1300e+02
5.9784e+01 3.5391e+01 1.4775e+02
3.5700e+02 3.7000e+01 3.7000e+01
8.9000e+01 8.6000e+01 1.3000e+01
8.8901e+01 8.6103e+01 1.3031e+01
9.7000e+01 4.4000e+01 9.0000e+00
4.9486e+01 3.4110e+01 1.1330e+02
1.0100e+02 7.6000e+01 1.7000e+01
1.7700e+02 2.7000e+01 5.9000e+01
3.5000e+01 3.6000e+01 1.2100e+02
1.0400e+02 2.4000e+01 1.2000e+01
1.7000e+02 5.0000e+01 1.2000e+01
1.7000e+02 5.0000e+01 1.2000e+01
1.7000e+02 5.0000e+01 1.2000e+01
2.3300e+02 5.6000e+01 1.4100e+02
2.2200e+02 3.0000e+01 -2.1000e+01
2.7583e+02 1.8942e+01 -1.6122e+02
2.7700e+02 1.9000e+01 -1.6000e+02
2.7200e+02 3.0000e+01 -7.0000e+00
3.1320e+02 8.5507e+01 2.6086e+01
3.1320e+02 8.5507e+01 2.6086e+01
1.0000e+02 3.7000e+01 -1.6500e+02
1.0000e+02 3.7000e+01 -1.6500e+02
2.2500e+02 2.7000e+01 1.4300e+02
2.2500e+02 2.7000e+01 1.4300e+02
1.3800e+02 6.0000e+01 -1.7600e+02
2.1700e+02 1.6000e+01 1.1900e+02
2.2800e+02 2.3000e+01 1.0800e+02
1.7500e+02 2.0000e+01 7.9000e+01
1.4000e+01 3.4000e+01 1.0900e+02
1.8000e+02 2.1000e+01 1.0200e+02
1.8400e+02 1.1000e+01 6.6000e+01
1.8400e+02 1.1000e+01 6.6000e+01
1.7500e+02 8.0000e+00 9.0010e+01
3.6000e+01 4.3000e+01 2.1000e+01
1.7000e+02 3.4000e+01 2.4000e+01
1.7000e+02 3.4000e+01 2.4000e+01
1.7000e+02 3.4000e+01 2.4000e+01
4.6000e+01 4.4000e+01 1.2600e+02
4.6000e+01 4.4000e+01 1.2600e+02
1.9600e+02 3.6000e+01 4.4000e+01
1.6000e+01 3.1000e+01 8.3000e+01
2.0000e+01 4.3000e+01 9.0010e+01
3.5300e+02 4.8000e+01 5.0000e+01
3.5300e+02 4.8000e+01 5.0000e+01
9.0000e+00 3.9000e+01 9.0010e+01
9.0000e+00 2.0000e+01 4.9000e+01
9.0000e+00 2.0000e+01 4.9000e+01
3.3923e+02 5.3485e+01 -2.3897e+01
2.7100e+02 3.4000e+01 -9.7000e+01
2.7100e+02 3.4000e+01 -9.7000e+01
3.3000e+02 3.9000e+01 4.3000e+01
1.0500e+02 2.3000e+01 9.5000e+01
8.2216e+01 1.8942e+01 7.2167e+01
2.6500e+02 3.6000e+01 -1.7800e+02
1.9900e+02 5.0000e+01 -5.0000e+00
1.9900e+02 5.0000e+01 -5.0000e+00
1.9900e+02 5.0000e+01 -5.0000e+00
1.7000e+02 2.5000e+01 5.5000e+01
3.5673e+02 4.3061e+01 6.4383e+01
3.5700e+02 4.3000e+01 6.5000e+01
2.2100e+02 3.8000e+01 9.1000e+01
1.9300e+02 3.0000e+01 5.8000e+01
5.3677e+01 1.5793e+01 -7.1982e+01
3.2690e+02 6.7228e+01 3.0608e+01
5.1036e+01 3.9219e+01 1.2306e+02
5.1000e+01 3.9000e+01 1.2300e+02
5.1000e+01 3.9000e+01 1.2300e+02
2.9400e+02 4.6000e+01 -1.1000e+02
3.2700e+02 4.0000e+01 -9.8000e+01
1.8300e+02 2.1000e+01 7.7000e+01
2.7661e+02 2.9141e+01 -6.1697e+00
2.4600e+02 2.7000e+01 1.1700e+02
3.2315e+02 1.2512e+01 6.1731e+01
1.7600e+02 3.6000e+01 8.9000e+01
1.2638e+02 1.6519e+01 1.1446e+02
1.2500e+02 1.7000e+01 1.1300e+02
9.1000e+01 7.4000e+01 -1.7500e+02
9.1000e+01 7.4000e+01 -1.7500e+02
3.1900e+02 5.3000e+01 8.0000e+00
3.1900e+02 5.3000e+01 8.0000e+00
4.4000e+01 4.3000e+01 1.1300e+02
4.4000e+01 4.3000e+01 1.1300e+02
1.2700e+02 1.5000e+01 4.5000e+01
1.6000e+01 1.5000e+01 1.1900e+02
4.2149e+01 5.2237e+01 1.2724e+02
9.6000e+01 5.4000e+01 2.0000e+01
6.3000e+01 3.9000e+01 1.6500e+02
1.4000e+01 3.2000e+01 9.9000e+01
1.4000e+01 3.2000e+01 9.9000e+01
6.1000e+01 2.6000e+01 1.3400e+02
2.0000e+00 4.3000e+01 7.0000e+01
2.8100e+02 2.3000e+01 -8.4000e+01
1.5793e+02 7.8044e+00 1.2967e+02
2.3189e+02 5.8290e+00 -1.4898e+02
1.9770e+02 3.7181e+01 1.0344e+02
2.8000e+01 3.6000e+01 1.0700e+02
3.2200e+02 2.0000e+01 6.6000e+01
6.1000e+01 6.9000e+01 2.0000e+00
1.4700e+02 3.9000e+01 1.4300e+02
1.4700e+02 3.9000e+01 1.4300e+02
3.5000e+02 2.7000e+01 8.6000e+01
1.3200e+02 8.6000e+01 -3.0000e+00
3.4500e+02 4.1000e+01 1.2100e+02
3.4453e+02 4.0768e+01 1.2109e+02
3.4400e+01 3.6048e+01 9.2750e+01
2.5311e+02 2.7542e+01 1.4078e+02
9.7000e+01 5.2000e+01 5.0000e+00
3.5400e+02 4.3000e+01 4.4000e+01
8.0000e+00 3.5000e+01 7.8000e+01
2.8100e+02 4.7000e+01 1.2100e+02
2.2700e+02 5.8000e+01 -2.0000e+00
3.1402e+02 8.7164e+01 1.6098e+02
2.7300e+02 3.5000e+01 -1.0900e+02
3.0000e+01 4.0000e+01 8.8000e+01
3.0000e+01 4.0000e+01 8.8000e+01
2.4004e+02 5.8402e+01 -1.1762e+02
1.4100e+02 1.8000e+01 3.7000e+01
3.1800e+02 4.1000e+01 8.3000e+01
2.4800e+02 3.6000e+01 1.2500e+02
2.7200e+02 1.6000e+01 -5.9000e+01
4.4000e+01 1.8000e+01 6.1000e+01
9.0886e+01 7.1379e+01 -1.5138e+02
2.4000e+01 3.5000e+01 1.7000e+01
2.9008e+02 4.6450e+01 -7.7322e+01
2.9008e+02 4.6450e+01 -7.7322e+01
2.5600e+02 3.9000e+01 1.3800e+02
2.0400e+02 2.2000e+01 -1.5800e+02
1.4700e+02 7.2000e+01 1.7200e+02
2.8408e+02 4.9985e+00 5.3187e+01
1.6900e+02 3.7000e+01 5.3000e+01
7.6000e+01 5.2000e+01 -1.5100e+02
3.2100e+02 6.1000e+01 -5.9000e+01
9.0000e+01 5.1000e+01 -4.8000e+01
1.5000e+02 4.9000e+01 4.6000e+01
3.5100e+02 3.2000e+01 7.3000e+01
3.5100e+02 3.2000e+01 7.3000e+01
1.6100e+02 3.7000e+01 8.8000e+01
1.3068e+02 4.4961e+01 5.6285e+01
3.5800e+02 9.0000e+00 4.8000e+01
2.4759e+02 7.6698e+01 1.6149e+02
2.7139e+02 4.6008e+01 -8.9034e+01
1.9866e+02 2.8793e+01 1.0291e+02
2.0200e+02 3.2000e+01 1.0700e+02
2.5400e+02 5.0000e+01 1.2800e+02
2.5400e+02 5.0000e+01 1.2800e+02
1.1600e+02 6.8000e+01 -2.1000e+01
2.7000e+01 3.8000e+01 9.3000e+01
2.7246e+01 3.8045e+01 9.2558e+01
5.4000e+01 4.4000e+01 1.3400e+02
5.3197e+01 3.5393e+01 1.5158e+02
3.2600e+02 5.8000e+01 -3.0000e+00
5.1000e+01 4.0000e+01 1.4800e+02
3.1978e+02 6.4077e+01 -5.3112e+01
3.2000e+02 6.4000e+01 -5.3000e+01
3.3793e+02 4.7179e+01 7.4590e+01
2.6483e+02 2.3685e+01 1.5708e+02
2.0100e+02 3.5000e+01 1.1300e+02
1.4700e+02 3.2000e+01 1.1200e+02
2.2500e+02 3.1000e+01 -1.3400e+02
4.4000e+01 4.4000e+01 1.4000e+02
3.3900e+02 3.6000e+01 9.0010e+01
1.0600e+02 9.0000e+01 1.7000e+01
3.4200e+02 5.8000e+01 1.6000e+01
1.5299e+01 3.6012e+01 8.8624e+01
2.5500e+02 3.8000e+01 -1.2500e+02
2.5900e+02 3.1000e+01 1.4000e+02
2.5908e+02 3.1026e+01 1.4083e+02
8.9000e+01 7.5000e+01 -1.7000e+02
5.4000e+01 3.4000e+01 1.3500e+02
1.4000e+01 3.5000e+01 -5.0000e+00
1.2300e+02 4.8000e+01 4.5000e+01
2.1028e+02 4.1352e+01 1.5694e+02
3.1639e+01 5.1654e+01 -1.5147e+02
1.7100e+02 8.0000e+00 7.3000e+01
2.6739e+02 3.7958e+01 1.4984e+02
2.6700e+02 3.8000e+01 1.4900e+02
6.1424e+01 4.7743e+01 1.4217e+02
2.6413e+02 2.7827e+01 -7.6549e+01
2.4000e+02 2.8000e+01 -9.8000e+01
5.3169e+01 6.0551e+01 1.4374e+02
5.0755e+01 5.2237e+01 1.2885e+02
3.5100e+02 4.5000e+01 -9.4000e+01
2.4600e+02 3.0000e+01 1.1900e+02
5.4625e+01 6.0463e+01 1.3876e+02
5.4625e+01 6.0463e+01 1.3876e+02
2.1000e+01 4.3000e+01 1.0700e+02
3.2000e+01 3.6000e+01 1.0300e+02
2.6499e+02 5.3000e+01 8.9992e+01
3.3404e+02 5.1847e+01 9.8784e+01
3.1513e+02 5.3456e+01 6.3556e+01
2.5947e+02 6.1582e+01 8.3962e+01
2.2300e+02 3.3000e+01 5.6000e+01
2.2228e+02 3.3147e+01 5.6128e+01
2.5500e+02 2.6000e+01 8.6000e+01
2.1300e+02 2.6000e+01 5.4000e+01
2.3800e+02 3.4000e+01 8.2000e+01
1.1000e+01 4.2000e+01 8.7000e+01
9.0000e+00 4.3000e+01 8.3000e+01
2.1700e+02 4.2000e+01 1.0900e+02
3.1500e+02 2.7000e+01 8.0000e+01
3.4000e+02 2.0000e+01 9.1000e+01
3.4000e+02 2.0000e+01 9.1000e+01
3.2900e+02 2.5000e+01 8.4000e+01
3.3100e+02 2.8000e+01 7.8000e+01
3.3975e+02 2.8066e+01 8.6245e+01
1.7000e+02 2.5000e+01 6.9000e+01
9.0000e+00 3.6000e+01 9.6000e+01
6.0000e+00 4.2000e+01 1.0100e+02
3.2084e+02 4.9250e+01 -7.1722e+01
1.3475e+00 4.7471e+01 7.0497e+01
6.7000e+01 4.9000e+01 -6.0000e+01
2.5617e+02 8.8008e+01 -1.7500e+02
3.4319e+01 3.4881e+01 1.0775e+02
3.4000e+01 3.5000e+01 1.0800e+02
3.6573e+01 4.1805e+01 1.0020e+02
1.5800e+02 5.7000e+01 3.3000e+01
1.5300e+02 4.0000e+01 -9.8000e+01
2.3000e+01 3.3000e+01 8.8000e+01
2.3000e+01 3.3000e+01 8.8000e+01
1.5900e+02 4.4000e+01 7.3000e+01
3.9000e+01 4.5000e+01 1.0100e+02
2.1600e+02 4.3000e+01 1.0600e+02
4.9000e+01 4.2000e+01 1.2400e+02
2.1200e+02 4.2000e+01 1.1200e+02
9.8240e+00 1.3150e+01 9.8596e+01
1.4000e+02 3.6000e+01 7.2000e+01
2.0000e+02 3.1000e+01 8.6000e+01
2.0800e+02 3.0000e+01 1.0200e+02
2.0800e+02 3.0000e+01 1.0200e+02
2.2108e+01 3.4818e+01 1.0166e+02
2.1100e+02 2.9000e+01 1.1300e+02
1.9747e+02 3.8825e+01 6.6187e+01
3.5800e+02 1.2000e+01 7.0000e+01
3.5800e+02 1.2000e+01 7.0000e+01
2.0000e+01 4.3000e+01 8.3000e+01
2.0000e+01 4.3000e+01 8.3000e+01
3.3900e+02 3.8000e+01 -6.3000e+01
2.9900e+02 2.5000e+01 -8.6000e+01
1.8400e+02 2.5000e+01 7.9000e+01
2.7588e+02 4.9734e+01 -1.9827e+01
2.7090e+02 4.0063e+01 -1.5652e+01
2.6100e+02 6.8000e+01 -1.7000e+01
3.3517e+02 5.3842e+00 6.8253e+01
2.8200e+02 5.3000e+01 -1.6000e+01
3.4800e+02 3.5000e+01 5.3000e+01
1.7000e+02 4.6000e+01 5.2000e+01
2.0000e+01 4.1000e+01 1.0100e+02
2.2000e+01 4.9000e+01 1.2100e+02
7.5488e+01 8.6030e+01 7.0169e+00
2.0650e+02 4.3925e+01 1.0055e+02
7.5000e+01 7.4000e+01 -1.7300e+02
9.8233e+01 1.8027e+01 9.3075e+01
2.6985e+02 6.6813e+01 -3.6334e+01
2.1300e+02 4.6000e+01 1.1600e+02
2.1300e+02 4.6000e+01 1.1600e+02
2.3700e+02 4.0000e+01 1.0700e+02
2.7871e+02 2.0000e+00 -9.0286e+01
2.5712e+02 5.8430e+01 -1.0015e+02
2.5712e+02 5.8430e+01 -1.0015e+02
1.7000e+01 4.2000e+01 8.2000e+01
7.3702e+01 5.7023e+01 1.7762e+02
1.9000e+01 4.2000e+01 8.7000e+01
2.2390e+02 1.0803e+01 1.2342e+02
2.8000e+01 1.9000e+01 9.5000e+01
2.8000e+01 1.9000e+01 9.5000e+01
2.3400e+02 3.7000e+01 4.4000e+01
6.9000e+01 2.9000e+01 1.2400e+02
3.1900e+02 7.3000e+01 3.1000e+01
3.3300e+02 2.0000e+01 7.1000e+01
2.8244e+02 8.6039e+01 1.7198e+02
2.8244e+02 8.6039e+01 1.7198e+02
2.1000e+02 4.1000e+01 9.0010e+01
4.0000e+01 2.6000e+01 1.1300e+02
2.6373e+02 4.6239e+01 1.0175e+02
2.0700e+02 4.4000e+01 3.7000e+01
6.4288e+01 4.8536e+01 1.1676e+02
2.4400e+02 3.3000e+01 1.1900e+02
9.6566e+01 2.1091e+01 9.5195e+01
2.4100e+02 3.4000e+01 1.1600e+02
2.4838e+02 2.8905e+01 1.1903e+02
3.4100e+02 6.1000e+01 2.6000e+01
2.2000e+01 3.8000e+01 1.2900e+02
4.0000e+01 4.1000e+01 8.9000e+01
6.3740e+01 6.5298e+01 1.5453e+02
2.7638e+02 7.2257e+01 -1.5153e+02
2.7638e+02 7.2257e+01 -1.5153e+02
2.3000e+02 4.7000e+01 1.2500e+02
2.0600e+02 3.9000e+01 9.6000e+01
3.1400e+02 3.5000e+01 3.5000e+01
2.0700e+02 4.4000e+01 3.6000e+01
2.4300e+02 4.6000e+01 1.3500e+02
2.3284e+02 5.6305e+01 1.3367e+02
9.2000e+01 2.0000e+01 8.4000e+01
9.2170e+01 2.0096e+01 8.4523e+01
2.7500e+02 5.8000e+01 -3.5000e+01
1.1900e+02 2.9000e+01 1.2100e+02
1.1900e+02 2.9000e+01 1.2100e+02
1.0600e+02 1.8000e+01 9.7000e+01
2.5800e+02 5.0000e+01 1.3900e+02
1.7609e+02 3.7415e+01 8.2103e+01
1.7700e+02 3.8000e+01 8.3000e+01
3.4826e+02 4.5735e+01 7.5936e+01
1.4306e+02 3.9989e+01 3.9265e+01
1.7734e+02 4.0093e+01 8.6431e+01
1.6100e+02 3.6000e+01 5.9000e+01
1.3775e+02 2.7984e+01 2.8647e+01
1.5500e+02 4.0000e+01 7.1000e+01
1.4000e+02 4.0000e+01 5.1000e+01
1.6781e+02 3.0648e+01 6.7068e+01
1.8656e+02 3.9842e+01 1.0606e+02
1.4336e+02 5.4154e+01 4.9422e+01
1.4595e+02 3.6790e+01 4.9293e+01
1.4599e+02 2.5608e+01 3.6785e+01
3.5000e+01 4.7000e+01 1.3000e+02
1.4800e+02 3.3000e+01 3.0000e+01
3.4221e+02 4.7402e+01 7.7744e+01
3.4221e+02 4.7402e+01 7.7744e+01
1.5641e+02 6.1309e+01 9.1287e+00
1.4000e+01 4.3000e+01 9.5000e+01
1.7500e+02 2.5000e+01 5.8000e+01
2.7000e+02 1.1000e+01 1.6600e+02
2.1300e+02 3.7000e+01 1.1000e+02
1.6300e+02 3.8000e+01 5.3000e+01
1.7100e+02 4.5000e+01 5.5000e+01
3.3517e+02 6.2032e+01 3.8073e+01
2.4668e+02 7.9230e+01 1.5350e+02
3.3600e+02 5.2000e+01 5.9000e+01
1.6400e+02 4.7000e+01 4.7000e+01
3.4600e+02 4.8000e+01 6.0000e+01
1.7500e+02 2.8000e+01 8.6000e+01
3.5726e+02 4.9033e+01 6.9464e+01
3.3800e+02 4.5000e+01 7.3000e+01
1.2300e+02 9.0000e+00 5.2000e+01
1.9400e+02 1.3000e+01 1.2200e+02
3.0900e+02 5.0000e+01 -8.7000e+01
2.6200e+02 7.0000e+01 1.6300e+02
1.4687e+02 4.3487e+01 3.1382e+01
2.4604e+01 2.6619e+01 1.3340e+02
1.6400e+02 4.6000e+01 3.6000e+01
3.3500e+02 5.6000e+01 3.7000e+01
3.2500e+02 7.9000e+01 1.8000e+02
2.5000e+02 2.9000e+01 3.7000e+01
1.7941e+02 3.9684e+01 8.0248e+01
1.8300e+02 3.7000e+01 1.0900e+02
2.6300e+02 7.0000e+00 1.8000e+02
2.6300e+02 7.0000e+00 1.8000e+02
2.5000e+01 4.4000e+01 1.1300e+02
2.5000e+01 4.4000e+01 1.1300e+02
2.4334e+02 3.6050e+00 1.4629e+02
2.4900e+02 3.5000e+01 1.1600e+02
8.6000e+01 5.1000e+01 2.5000e+01
7.4696e+01 8.6061e+01 1.0024e+01
9.7220e+01 1.6121e+01 9.6939e+01
1.6000e+01 2.8000e+01 9.8000e+01
5.8476e+01 8.5027e+01 1.7398e+02
1.3000e+02 2.8000e+01 2.3000e+01
8.0000e+01 2.8000e+01 1.1700e+02
7.6674e+01 2.2086e+01 8.5063e+01
1.8800e+02 3.9000e+01 8.3000e+01
2.4000e+02 5.2000e+01 -1.0700e+02
2.1655e+02 5.1134e+01 -1.2436e+02
2.5073e+02 5.2007e+01 -9.0781e+01
2.1400e+02 3.9000e+01 1.1600e+02
8.7000e+01 2.4000e+01 9.6000e+01
8.7000e+01 2.4000e+01 9.6000e+01
2.0400e+02 3.6000e+01 1.0900e+02
9.0000e+00 4.0000e+01 5.6000e+01
2.4000e+01 3.8000e+01 7.0000e+01
1.2000e+01 3.7000e+01 7.8000e+01
3.5200e+02 4.0000e+01 7.9000e+01
7.3000e+01 6.5000e+01 -1.7900e+02
9.6000e+01 2.2000e+01 9.7000e+01
1.9200e+02 2.8000e+01 9.2000e+01
2.7000e+01 3.5000e+01 1.0800e+02
5.8000e+01 5.3000e+01 1.5200e+02
2.1778e+02 1.4825e+01 4.2741e+01
2.6700e+02 2.8000e+01 9.0010e+01
2.6700e+02 2.8000e+01 9.0010e+01
2.4400e+02 3.2000e+01 5.8000e+01
2.4400e+02 3.2000e+01 5.8000e+01
1.2700e+02 5.6000e+01 5.0000e+00
1.2700e+02 3.5000e+01 9.0000e+00
1.2800e+02 3.9000e+01 -6.2000e+01
3.3600e+02 6.8000e+01 -1.6000e+01
1.7600e+02 2.7000e+01 5.4000e+01
2.2700e+02 2.9000e+01 8.7000e+01
4.3000e+01 1.8000e+01 6.3000e+01
2.2900e+02 2.4000e+01 1.2800e+02
2.5800e+02 9.0000e+01 1.5600e+02
3.1908e+02 7.0875e+01 3.0873e+01
3.1908e+02 7.0875e+01 3.0873e+01
3.1908e+02 7.0875e+01 3.0873e+01
1.9800e+02 4.3000e+01 8.1000e+01
1.6100e+02 3.4000e+01 8.3000e+01
1.6100e+02 3.4000e+01 8.3000e+01
2.3600e+02 2.9000e+01 1.0800e+02
7.9000e+01 3.5000e+01 1.3300e+02
1.9600e+02 4.4000e+01 7.2000e+01
1.9000e+02 4.4000e+01 7.2000e+01
1.9000e+02 4.4000e+01 7.2000e+01
1.9000e+02 4.4000e+01 7.2000e+01
2.3846e+02 3.1548e+01 1.1209e+02
7.3000e+01 7.4000e+01 -1.7800e+02
2.6600e+02 2.6000e+01 -1.0300e+02
1.4400e+02 1.7000e+01 2.4000e+01
3.3987e+02 4.3487e+01 3.1382e+01
1.1003e+02 7.1027e+01 3.1725e+00
2.3030e+02 2.1284e+01 1.2634e+02
1.4042e+02 5.8440e+01 -1.0579e+01
2.4000e+02 3.9000e+01 1.1000e+02
5.9000e+01 4.0000e+01 1.2600e+02
8.0000e+01 6.7000e+01 2.0000e+01
5.2000e+01 2.8000e+01 -3.9000e+01
1.1122e+02 8.3107e+01 1.0074e+01
2.8000e+01 2.2000e+01 1.0000e+02
1.1000e+02 4.8000e+01 -1.4800e+02
1.1000e+02 4.8000e+01 -1.4800e+02
2.9563e+02 4.6043e+01 -1.0080e+02
3.0125e+02 4.6920e+01 -1.0451e+02
1.9100e+02 4.1000e+01 7.3000e+01
2.2700e+02 3.6000e+01 9.0010e+01
3.3400e+02 3.7000e+01 1.0400e+02
1.8800e+02 4.2000e+01 9.7000e+01
2.8519e+02 3.4463e+01 -1.0645e+01
3.5400e+02 4.2000e+01 -1.0000e+02
7.8000e+01 6.7000e+01 -8.0000e+00
1.0000e+01 5.1000e+01 -2.8000e+01
3.0000e+02 4.2000e+01 2.6000e+01
3.4600e+02 4.9000e+01 -7.5000e+01
1.7000e+01 2.1000e+01 7.2000e+01
2.5900e+02 4.2000e+01 -1.5000e+01
2.9787e+02 1.8107e+01 -6.4474e+00
2.7000e+02 1.9000e+01 -3.0000e+00
6.7349e+01 8.6015e+01 -1.7499e+02
2.5000e+02 6.2000e+01 -1.6100e+02
2.6400e+02 6.7000e+01 -4.2000e+01
5.7000e+01 3.2000e+01 -9.7000e+01
2.0000e+01 4.3000e+01 8.1000e+01
1.1800e+02 4.4000e+01 1.0000e+00
1.2100e+02 5.9000e+01 4.0000e+00
7.0000e+00 3.7000e+01 7.2000e+01
1.2000e+01 5.7000e+01 3.0000e+00
2.3955e+02 3.0611e+01 1.1693e+02
1.2900e+02 5.4000e+01 8.0000e+00
1.1100e+02 5.4000e+01 -3.0000e+00
1.9000e+01 4.2000e+01 9.5000e+01
8.0000e+01 6.0000e+01 -1.6400e+02
1.9800e+02 4.0000e+01 7.9000e+01
2.5331e+02 7.9331e+01 1.6575e+02
1.3200e+02 6.8000e+01 -2.0000e+00
9.0000e+01 6.0000e+01 2.8000e+01
4.2000e+01 3.1000e+01 1.0400e+02
1.1100e+02 5.4000e+01 -3.0000e+00
2.4161e+02 7.0502e+01 1.5121e+02
6.9611e+01 8.5037e+01 -1.7297e+02
1.8900e+02 2.7000e+01 8.3000e+01
2.6000e+01 3.9000e+01 9.1000e+01
2.3400e+02 5.2000e+01 -1.6200e+02
6.0000e+01 4.8000e+01 1.6300e+02
1.5700e+02 3.8000e+01 -5.8000e+01
2.6800e+02 2.7000e+01 1.1300e+02
3.3000e+02 7.6000e+01 1.7400e+02
2.4200e+02 2.9000e+01 1.1300e+02
1.0500e+02 2.2000e+01 9.9000e+01
1.0364e+02 2.3184e+01 9.7029e+01
1.1000e+01 6.1000e+01 1.7200e+02
2.4800e+02 3.3000e+01 1.1700e+02
1.1265e+02 8.2877e+01 2.7227e+01
1.0200e+02 2.0000e+01 1.0100e+02
9.3000e+01 2.8000e+01 9.1000e+01
3.5200e+02 4.3000e+01 8.5000e+01
5.2951e+01 4.2587e+01 1.3962e+02
1.2624e+02 6.6162e+01 -1.8641e+01
2.1600e+02 3.5000e+01 8.1000e+01
2.2900e+02 4.2000e+01 1.4000e+02
5.2708e+01 5.0732e+01 1.2207e+02
3.5800e+02 4.4000e+01 5.8000e+01
3.1000e+01 4.7000e+01 -1.5900e+02
2.7600e+02 5.1000e+01 1.6100e+02
1.6400e+02 5.3000e+01 3.9000e+01
3.4600e+02 4.0000e+01 9.4000e+01
3.3000e+02 3.7000e+01 3.7000e+01
2.5567e+02 3.3556e+01 1.2753e+02
3.3000e+02 3.8000e+01 -1.9000e+01
2.4000e+01 4.3000e+01 1.0500e+02
1.4600e+02 7.4000e+01 8.0000e+00
3.4600e+02 5.1000e+01 5.3000e+01
1.3588e+02 7.9379e+01 1.5268e+01
2.6083e+02 8.3618e+01 -1.4273e+02
1.7500e+02 3.3000e+01 -9.1000e+01
1.0596e+02 2.2194e+01 9.7381e+01
1.0500e+02 1.9000e+01 9.8000e+01
1.5000e+01 4.4000e+01 1.7900e+02
8.0000e+00 4.3000e+01 7.9000e+01
1.0000e+00 3.2000e+01 6.9000e+01
2.0600e+02 7.0000e+00 1.1500e+02
2.4900e+02 3.0000e+01 -1.3400e+02
1.7600e+02 3.0000e+01 7.8000e+01
2.2500e+02 4.1000e+01 1.1200e+02
2.2890e+02 4.5996e+01 1.1420e+02
1.9300e+02 4.3000e+01 9.0010e+01
3.5200e+02 2.9000e+01 -8.2000e+01
1.1000e+02 3.2000e+01 -9.2000e+01
1.1400e+02 2.8000e+01 -7.9000e+01
5.0000e+00 3.9000e+01 7.5000e+01
2.0000e+01 3.7000e+01 2.4000e+01
2.4200e+02 3.6000e+01 1.2800e+02
2.1000e+01 3.3000e+01 7.3000e+01
3.5000e+02 5.6000e+01 2.0000e+01
1.4400e+02 5.9000e+01 -3.0000e+00
2.6400e+02 3.7000e+01 1.4100e+02
1.4700e+02 3.2000e+01 5.4000e+01
2.4955e+02 3.0464e+01 1.2353e+02
2.5559e+02 3.3429e+01 1.3241e+02
2.5200e+02 4.5000e+01 1.2100e+02
2.5000e+02 3.3000e+01 1.2200e+02
1.5900e+02 4.8000e+01 -1.7600e+02
5.8000e+01 5.5000e+01 1.4200e+02
2.1000e+01 4.1000e+01 8.6000e+01
4.0541e+01 3.4278e+01 1.0980e+02
3.1402e+01 3.5535e+01 6.9568e+01
1.7103e+01 4.1436e+01 1.2890e+02
2.2833e+02 3.1184e+01 6.9440e+01
1.8800e+02 4.3000e+01 8.4000e+01
3.0000e+02 4.3000e+01 1.6000e+02
3.2100e+02 5.4000e+01 6.7000e+01
3.9469e+01 3.3849e+01 1.0210e+02
3.0000e+01 3.7000e+01 1.0500e+02
6.9000e+01 6.6000e+01 1.6000e+01
2.6700e+02 3.5000e+01 1.5400e+02
3.5153e+02 3.6299e+01 8.3160e+01
2.1600e+02 4.9000e+01 4.6000e+01
1.3162e+02 6.8285e+01 9.6939e+00
1.2500e+02 6.2000e+01 1.1000e+01
3.2000e+01 3.4000e+01 9.3000e+01
4.5000e+01 3.9000e+01 8.2000e+01
5.1785e+01 4.4665e+01 1.3108e+02
2.2212e+01 3.4013e+01 8.8518e+01
4.0774e+00 3.3480e+01 8.0856e+01
4.0000e+01 2.6000e+01 1.0700e+02
1.3140e+02 8.3424e+01 2.0138e+01
1.7400e+02 1.9000e+01 -1.4300e+02
1.2800e+02 3.9000e+01 -1.7400e+02
1.9000e+01 4.3000e+01 6.1000e+01
2.3700e+02 3.5000e+01 1.1600e+02
5.2000e+01 4.3000e+01 -1.5900e+02
3.4000e+01 4.2000e+01 9.1000e+01
1.6000e+01 4.2000e+01 7.4000e+01
2.5540e+02 5.9309e+01 1.3944e+02
2.6300e+02 2.9000e+01 -1.6100e+02
2.1400e+02 3.4000e+01 8.5000e+01
1.3000e+01 3.5000e+01 7.8000e+01
2.0100e+02 4.1000e+01 9.4000e+01
2.6465e+02 7.2431e+01 1.5686e+02
2.9000e+01 3.6000e+01 9.4000e+01
2.4800e+02 4.3000e+01 1.3600e+02
2.2522e+02 4.6034e+01 8.8070e+01
2.2800e+02 3.5000e+01 1.0900e+02
1.4000e+01 3.4000e+01 9.4000e+01
7.3000e+01 8.0000e+01 1.7800e+02
1.4724e+02 7.5924e+01 2.0647e+01
1.6700e+02 4.5000e+01 -7.0000e+00
3.7000e+01 4.0000e+01 1.0200e+02
1.0100e+02 2.1000e+01 9.6000e+01
4.8918e+01 5.2369e+01 1.2407e+02
4.9755e+01 5.3195e+01 1.2160e+02
2.1900e+02 4.5000e+01 1.1900e+02
1.9400e+02 3.0000e+01 9.2000e+01
1.6913e+02 2.8460e+01 6.6912e+01
3.5000e+01 4.9000e+01 1.2100e+02
3.4000e+01 2.7000e+01 -7.1000e+01
2.0400e+02 4.0000e+01 7.8000e+01
1.0130e+02 8.6218e+01 -1.6096e+02
1.0200e+02 8.9000e+01 -1.6300e+02
2.9900e+02 6.5000e+01 1.3000e+01
1.7600e+02 2.6000e+01 8.6000e+01
1.9300e+02 3.0000e+01 8.4000e+01
8.1000e+01 4.9000e+01 1.5500e+02
3.0348e+01 4.0063e+01 7.7897e+01
3.2300e+02 3.9000e+01 9.0010e+01
4.7000e+01 4.9000e+01 1.2300e+02
8.8230e+00 4.3589e+01 6.8794e+01
2.2200e+02 3.9000e+01 1.7800e+02
2.7676e+02 5.4006e+01 8.9274e+01
3.4000e+01 4.0000e+01 9.8000e+01
3.0100e+02 4.5000e+01 5.3000e+01
1.5900e+02 3.8000e+01 -2.2000e+01
2.9813e+02 4.9312e+01 6.6364e+01
2.7000e+01 4.1000e+01 1.2900e+02
2.3400e+02 3.5000e+01 1.1700e+02
9.8000e+01 2.0000e+01 3.1000e+01
2.5018e+02 3.2599e+01 1.2258e+02
3.5836e+01 3.4628e+01 1.5480e+02
3.2600e+02 5.1000e+01 5.5000e+01
3.2447e+02 7.0739e+01 -2.4450e+01
2.5000e+02 3.3000e+01 1.2300e+02
3.0000e+02 2.5000e+01 6.5000e+01
1.1900e+02 4.1000e+01 -8.0000e+00
1.1147e+02 3.3849e+01 -7.7904e+01
1.3000e+02 6.5000e+01 2.0000e+00
2.4493e+02 6.5445e+01 -1.4551e+02
1.2900e+02 4.5000e+01 -3.0000e+00
2.6000e+02 9.0000e+01 -3.0000e+00
2.4700e+02 3.2000e+01 1.1600e+02
2.6800e+02 3.0000e+01 -1.4300e+02
6.4000e+01 7.4000e+01 -1.7900e+02
6.7000e+01 8.4000e+01 1.7800e+02
4.6000e+01 3.2000e+01 1.0900e+02
1.7300e+02 2.4000e+01 7.9000e+01
1.2800e+02 7.3000e+01 -2.1000e+01
2.3147e+02 4.8992e+01 1.1754e+02
2.9800e+02 1.0000e+01 2.5000e+01
2.7500e+02 3.8000e+01 -9.7000e+01
3.1500e+02 2.6000e+01 7.2000e+01
3.0400e+02 4.4000e+01 5.5000e+01
1.4400e+02 6.7000e+01 2.2000e+01
2.4942e+02 5.5927e+01 1.2910e+02
3.1000e+01 3.3000e+01 9.8000e+01
2.4338e+02 8.8037e+01 -1.6899e+02
3.2000e+01 3.5000e+01 9.2000e+01
3.9000e+01 4.4000e+01 1.0200e+02
6.4000e+01 1.7000e+01 8.4000e+01
6.3000e+01 3.6000e+01 7.9000e+01
2.5400e+02 6.3000e+01 1.6100e+02
1.3000e+02 9.0000e+01 1.2000e+01
1.4130e+02 8.5171e+01 1.5055e+01
1.7500e+02 2.3000e+01 8.8000e+01
7.0000e+00 3.4000e+01 5.6000e+01
1.5000e+01 4.2000e+01 8.0000e+01
9.4791e+01 7.7232e+01 -1.5535e+02
2.7122e+02 8.9026e+01 -1.6700e+02
3.4800e+02 5.7000e+01 -1.5000e+01
1.2700e+02 5.9000e+01 4.0000e+00
3.2103e+02 8.6119e+01 -1.4033e+01
2.5503e+02 5.4917e+01 -1.0564e+02
2.5582e+02 6.0071e+01 -1.1285e+02
1.1100e+02 3.5000e+01 -8.6000e+01
3.1100e+02 2.7000e+01 1.2000e+01
1.8300e+02 3.2000e+01 7.0000e+01
2.5800e+02 7.6000e+01 1.6700e+02
3.4900e+02 3.8000e+01 -3.0000e+00
1.1500e+02 1.3000e+01 6.0000e+00
3.4600e+02 4.1000e+01 4.2000e+01
1.4500e+02 3.3000e+01 -4.8000e+01
3.4688e+02 4.7622e+01 -1.0315e+02
3.1227e+02 7.5750e+01 -1.8592e+01
1.7100e+02 4.1000e+01 8.7000e+01
1.9800e+02 3.3000e+01 1.1600e+02
1.2000e+02 3.7000e+01 -8.0000e+01
2.6525e+02 5.3016e+01 -1.1577e+02
9.9081e+01 8.3711e+01 2.6169e+01
1.2100e+02 5.1000e+01 2.0000e+00
3.5700e+02 2.3000e+01 8.1000e+01
7.6000e+01 2.7000e+01 -6.8000e+01
9.9877e+01 8.5365e+01 2.2076e+01
7.7000e+01 2.8000e+01 -6.0000e+01
8.7000e+01 4.9000e+01 -8.0000e+00
5.5000e+01 2.2000e+01 -2.9000e+01
4.5000e+01 3.7000e+01 1.1700e+02
4.4000e+01 1.8000e+01 1.3400e+02
5.0000e+00 3.0000e+01 8.3000e+01
2.6000e+01 2.6000e+01 9.2000e+01
2.3471e+02 5.0732e+01 1.2207e+02
1.8000e+01 3.4000e+01 7.9000e+01
2.1900e+02 4.3000e+01 1.0300e+02
7.3000e+01 5.3000e+01 1.4100e+02
1.9100e+02 4.1000e+01 -3.0000e+01
1.1000e+01 4.5000e+01 7.5000e+01
2.2618e+02 4.8167e+01 1.1120e+02
3.4900e+02 5.0000e+01 3.4000e+01
2.4509e+02 5.7943e+01 -1.1706e+02
1.1100e+02 5.3000e+01 -1.4000e+01
2.0200e+02 4.3000e+01 1.0500e+02
6.0000e+01 6.0000e+01 1.6400e+02
3.3700e+02 6.2000e+01 -8.0000e+00
3.2600e+02 1.7000e+01 7.0000e+01
1.3600e+02 4.1000e+01 6.3000e+01
1.9000e+01 4.0000e+01 9.6000e+01
3.1239e+02 8.5037e+01 -7.0265e+00
3.4200e+02 4.5000e+01 7.0000e+01
2.5100e+02 1.6000e+01 7.2000e+01
2.9006e+02 7.3351e+01 -2.3017e+01
1.8200e+02 2.8000e+01 9.2000e+01
2.7043e+02 5.1028e+01 8.8381e+01
2.5403e+02 7.9002e+01 -3.2672e+01
1.2900e+02 7.2000e+01 5.0000e+00
3.4200e+02 5.1000e+01 3.5000e+01
3.5800e+02 3.9000e+01 9.4000e+01
3.3348e+02 4.8355e+01 7.8153e+01
2.5188e+02 7.9205e+01 1.6880e+02
1.8600e+02 3.1000e+01 7.4000e+01
3.4700e+02 4.1000e+01 7.3000e+01
2.1900e+02 3.8000e+01 1.3700e+02
2.0900e+02 2.9000e+01 5.3000e+01
1.9500e+02 4.4000e+01 5.4000e+01
8.0000e+00 3.8000e+01 1.2900e+02
2.4000e+01 3.1000e+01 9.5000e+01
8.3000e+01 4.7000e+01 1.2400e+02
6.0000e+01 3.4000e+01 9.5000e+01
1.8300e+02 3.3000e+01 1.0400e+02
1.9500e+02 1.3000e+01 1.4000e+01
1.9200e+02 3.9000e+01 7.8000e+01
2.1300e+02 4.3000e+01 1.0200e+02
8.5000e+01 3.4000e+01 6.1000e+01
1.5000e+01 3.9000e+01 6.7000e+01
3.3000e+01 4.2000e+01 1.1400e+02
2.0600e+02 4.3000e+01 8.6000e+01
2.0600e+02 4.4000e+01 1.0000e+02
2.1100e+02 3.5000e+01 1.0800e+02
5.0000e+00 2.7000e+01 6.2000e+01
3.7000e+01 3.7000e+01 9.3000e+01
1.9700e+02 4.3000e+01 9.1000e+01
2.3005e+02 5.0461e+01 1.2531e+02
2.2138e+02 4.7452e+01 1.0630e+02
2.1900e+02 4.4000e+01 1.1300e+02
2.3938e+02 6.2003e+01 1.3703e+02
3.5000e+02 4.2000e+01 7.9000e+01
3.4600e+02 4.6000e+01 6.3000e+01
6.8000e+01 6.5000e+01 1.6300e+02
2.4000e+01 3.4000e+01 1.0000e+02
6.7000e+01 9.0000e+01 1.7900e+02
8.0000e+00 3.4000e+01 7.8000e+01
5.3000e+01 3.9000e+01 1.1500e+02
3.5400e+02 3.1000e+01 6.6000e+01
2.2000e+02 3.2000e+01 9.2000e+01
2.2500e+02 3.5000e+01 -1.6800e+02
3.5200e+02 2.1000e+01 9.1000e+01
5.9000e+01 4.9000e+01 1.5300e+02
1.4800e+02 4.8000e+01 2.8000e+01
2.4100e+02 3.2000e+01 1.0700e+02
2.5500e+02 3.3000e+01 1.2300e+02
3.2300e+02 5.8000e+01 -1.5200e+02
9.1000e+01 2.0000e+01 9.1000e+01
1.2621e+02 8.7007e+01 4.0055e+00
2.3000e+01 3.6000e+01 8.2000e+01
1.8000e+01 2.2000e+01 1.0600e+02
2.4962e+02 8.0670e+01 -1.5870e+02
2.4800e+02 8.0000e+01 1.7900e+02
2.7515e+02 7.8415e+01 1.5320e+01
1.9400e+02 3.0000e+01 8.3000e+01
1.7600e+02 3.9000e+01 7.5000e+01
3.3200e+02 7.7000e+01 -1.7700e+02
1.1500e+02 3.2000e+01 -7.0000e+00
3.4869e+02 4.6411e+01 -8.3288e+01
2.5200e+02 7.9000e+01 -5.0000e+00
1.4000e+01 3.7000e+01 9.5000e+01
3.4435e+02 4.7471e+01 7.0497e+01
5.1000e+01 2.6000e+01 8.6000e+01
3.4900e+02 4.1000e+01 2.3000e+01
2.2900e+02 5.0000e+01 1.3500e+02
1.8800e+02 4.1000e+01 7.6000e+01
7.0000e+00 3.6000e+01 8.4000e+01
1.8200e+02 3.8000e+01 6.8000e+01
5.6000e+01 3.4000e+01 1.2900e+02
3.3700e+02 2.7000e+01 6.6000e+01
3.5400e+02 3.2000e+01 5.4000e+01
1.6700e+02 4.6000e+01 4.6000e+01
2.4000e+02 3.5000e+01 1.1600e+02
1.5000e+02 1.4000e+01 7.4000e+01
1.5800e+02 3.4000e+01 5.1000e+01
2.3399e+02 5.5363e+01 1.3010e+02
2.4700e+02 3.3000e+01 1.0700e+02
2.3000e+02 2.9000e+01 8.7000e+01
9.5000e+01 3.2000e+01 -1.3000e+01
6.0000e+01 1.5000e+01 8.2000e+01
3.5300e+02 2.8000e+01 6.0000e+01
3.3000e+02 1.7000e+01 5.9000e+01
1.6700e+02 3.3000e+01 5.3000e+01
6.9000e+01 4.3000e+01 -1.0900e+02
2.3600e+02 3.4000e+01 1.1300e+02
4.7000e+01 1.9000e+01 7.7000e+01
9.6000e+01 2.0000e+01 9.5000e+01
1.4100e+02 4.6000e+01 -1.7200e+02
1.4200e+02 8.2000e+01 6.0000e+00
3.5400e+02 5.0000e+01 5.1000e+01
2.3900e+02 3.3000e+01 1.0800e+02
1.2700e+02 4.4000e+01 2.0000e+00
2.2065e+02 4.7471e+01 1.0950e+02
2.5629e+02 4.8500e+01 -9.7143e+01
6.6000e+01 1.0000e+01 8.3000e+01
2.6600e+02 5.1000e+01 1.3200e+02
4.0000e+01 3.5000e+01 1.0100e+02
2.2400e+02 4.4000e+01 1.1300e+02
2.2900e+02 4.0000e+01 9.9000e+01
8.5000e+01 5.0000e+01 1.3800e+02
1.8800e+02 2.6000e+01 9.4000e+01
1.1000e+01 5.3000e+01 2.0000e+00
1.9000e+02 2.5000e+01 9.4000e+01
1.9300e+02 3.0000e+01 9.4000e+01
1.9800e+02 2.1000e+01 1.1600e+02
8.1000e+01 3.4000e+01 -6.0000e+01
2.0900e+02 3.1000e+01 9.9000e+01
1.3800e+02 4.1000e+01 -6.1000e+01
1.3900e+02 4.2000e+01 -5.9000e+01
1.3800e+02 7.5000e+01 6.0000e+00
2.4915e+02 6.2737e+01 1.3739e+02
1.9500e+02 4.1000e+01 6.7000e+01
1.9000e+01 3.9000e+01 8.1000e+01
2.1300e+02 4.6000e+01 1.0600e+02
2.0100e+02 3.9000e+01 1.0900e+02
1.9000e+01 3.9000e+01 8.9000e+01
2.3000e+01 3.7000e+01 9.1000e+01
3.3200e+02 4.7000e+01 4.7000e+01
2.3400e+02 6.0000e+01 -1.5700e+02
1.5800e+02 4.0000e+01 3.7000e+01
3.6000e+01 4.1000e+01 1.2400e+02
2.2000e+01 3.9000e+01 9.7000e+01
2.2000e+01 4.1000e+01 7.4000e+01
2.4700e+02 3.2000e+01 1.1900e+02
2.9300e+02 8.5000e+01 0.0000e+00
3.4508e+02 5.0432e+01 6.0230e+01
3.3200e+02 3.9000e+01 4.2000e+01
1.8200e+02 1.0000e+01 -8.1000e+01
7.6114e+01 7.1379e+01 1.5138e+02
2.9300e+02 3.3000e+01 -1.3300e+02
7.5000e+01 7.0000e+01 1.6800e+02
3.4500e+02 4.9000e+01 3.2000e+01
2.0400e+02 3.6000e+01 9.6000e+01
1.0000e+02 7.6000e+01 -2.0000e+00
2.3300e+02 2.9000e+01 1.0400e+02
1.2900e+02 4.3000e+01 1.2000e+01
2.2800e+02 4.5000e+01 1.1400e+02
6.7000e+01 4.1000e+01 -3.6000e+01
1.2600e+02 7.4000e+01 -5.0000e+00
3.2700e+02 5.3000e+01 6.0000e+00
3.0000e+00 3.3000e+01 9.9000e+01
1.4300e+02 8.6000e+01 -1.0000e+00
2.1400e+02 3.9000e+01 8.8000e+01
3.0635e+02 8.8109e+01 -1.9011e+01
2.5100e+02 4.4000e+01 1.0700e+02
2.5700e+02 4.9000e+01 1.4800e+02
1.7000e+01 3.5000e+01 9.2000e+01
