125.952   -2.608  20.0  315.0  25.0  90.0  8.2  X   Y   0
126.688   -5.401  10.0  235.0  69.0  21.0  6.2  X   Y   1
118.243   4.924  13.2  327.0  83.0  -20.0  6.28  X   Y   2
126.15   -2.88  43.4  91.0  83.0  3.0  6.3  X   Y   3
118.965   -7.715  20.0  171.0  76.0  -162.0  5.5  X   Y   4
120.486   -1.909  35.0  33.0  86.0  167.0  6.12  X   Y   5
126.11   -2.31  15.0  104.0  43.0  -75.0  6.2  X   Y   6
126.656   -1.955  25.0  264.0  48.0  -104.0  6.25  X   Y   7
120.653   -0.808  35.0  310.0  65.0  -140.0  5.84  X   Y   8
124.08   -0.31  46.1  97.0  83.0  -175.0  5.4  X   Y   9
123.377   -4.267  30.0  123.0  24.0  19.0  5.44  X   Y   10
124.597   4.664  35.0  135.0  88.0  -14.0  6.22  X   Y   11
125.289   -0.065  41.8  24.0  73.0  85.0  5.5  X   Y   12
120.383   0.993  30.5  263.0  82.0  90.0  6.36  X   Y   13
126.918   3.083  37.1  358.0  75.0  104.0  6.97  X   Y   14
121.26   -2.12  36.4  2.0  46.0  56.0  5.2  X   Y   15
119.8   -2.95  15.0  18.0  36.0  -150.0  5.9  X   Y   16
126.567   0.576  49.6  279.0  62.0  -44.0  6.04  X   Y   17
127.0   3.52  26.6  110.0  14.0  41.0  6.0  X   Y   18
125.744   -6.201  40.3  305.0  88.0  163.0  6.41  X   Y   19
122.014   -2.704  20.0  221.0  82.0  -110.0  6.07  X   Y   20
121.98   -3.55  15.0  110.0  22.0  -22.0  6.1  X   Y   21
124.676   -1.947  18.2  103.0  59.0  -14.0  5.33  X   Y   22
125.21   -2.46  36.0  103.0  59.0  -14.0  5.3  X   Y   23
118.38   4.748  15.0  122.0  72.0  20.0  5.55  X   Y   24
118.91   4.41  15.0  25.0  71.0  161.0  5.5  X   Y   25
118.85   -4.22  15.7  38.0  24.0  100.0  5.6  X   Y   26
123.327   -0.561  35.0  357.0  61.0  67.0  5.74  X   Y   27
123.39   -0.01  36.0  220.0  36.0  126.0  5.7  X   Y   28
124.23   -7.99  34.8  134.0  38.0  -140.0  5.2  X   Y   29
121.31   -2.22  26.3  20.0  59.0  -146.0  5.6  X   Y   30
126.631   -1.874  20.2  174.0  49.0  -64.0  5.46  X   Y   31
123.36   -7.85  39.8  6.0  78.0  7.0  5.9  X   Y   32
126.771   2.034  24.0  229.0  81.0  114.0  5.46  X   Y   33
125.89   2.22  40.4  339.0  26.0  22.0  5.5  X   Y   34
122.502   1.62  33.2  354.0  83.0  -20.0  5.56  X   Y   35
123.19   1.71  47.6  86.0  70.0  -173.0  5.6  X   Y   36
122.614   -5.968  30.0  258.0  61.0  111.0  5.55  X   Y   37
123.26   -6.08  18.0  40.0  35.0  57.0  5.5  X   Y   38
119.91   0.58  45.0  344.0  18.0  6.0  5.3  X   Y   39
120.977   1.159  30.0  278.0  79.0  99.0  6.4  X   Y   40
120.8   1.196  28.3  290.0  79.0  104.0  6.45  X   Y   41
120.798   1.181  27.7  290.0  74.0  125.0  6.45  X   Y   42
126.94   1.99  44.7  356.0  28.0  76.0  5.4  X   Y   43
118.779   -2.803  28.1  194.0  74.0  90.0  6.66  X   Y   44
125.27   4.95  29.8  19.0  26.0  133.0  5.6  X   Y   45
119.61   0.84  49.0  319.0  21.0  -56.0  5.4  X   Y   46
125.978   -4.784  39.5  246.0  79.0  -13.0  6.15  X   Y   47
123.193   -3.433  20.0  179.0  22.0  97.0  5.35  X   Y   48
125.382   0.368  35.0  24.0  76.0  83.0  5.76  X   Y   49
119.42   -2.43  40.5  44.0  61.0  165.0  5.9  X   Y   50
120.24   -2.17  10.6  307.0  41.0  -19.0  5.5  X   Y   51
119.625   -2.034  20.0  51.0  78.0  -130.0  5.53  X   Y   52
119.61   -2.036  20.0  312.0  72.0  -28.0  6.39  X   Y   53
119.625   -2.14  20.0  153.0  88.0  53.0  5.89  X   Y   54
119.729   -1.989  45.0  14.0  87.0  -174.0  6.65  X   Y   55
119.38   -1.32  43.9  283.0  84.0  -3.0  6.6  X   Y   56
123.38   -0.17  43.9  348.0  77.0  -7.0  5.5  X   Y   57
125.64   -2.3  13.6  309.0  15.0  146.0  5.5  X   Y   58
126.76   -1.45  15.0  297.0  29.0  6.0  6.1  X   Y   59
126.89   3.08  20.2  347.0  16.0  34.0  7.5  X   Y   60
126.35   2.2  23.9  342.0  38.0  95.0  5.8  X   Y   61
125.158   4.406  45.8  344.0  49.0  62.0  5.68  X   Y   62
125.596   4.054  31.7  187.0  61.0  100.0  5.58  X   Y   63
125.93   0.04  20.4  230.0  24.0  118.0  5.8  X   Y   64
125.78   -0.24  18.6  232.0  33.0  121.0  6.1  X   Y   65
125.68   -0.14  15.0  240.0  24.0  126.0  6.3  X   Y   66
125.11   0.032  41.0  34.0  60.0  83.0  5.62  X   Y   67
125.428   3.724  19.9  359.0  29.0  76.0  5.25  X   Y   68
124.88   3.63  34.4  359.0  29.0  76.0  5.2  X   Y   69
125.62   0.05  49.3  229.0  28.0  106.0  5.6  X   Y   70
125.3   -2.033  30.0  69.0  83.0  -14.0  5.92  X   Y   71
126.874   3.148  27.1  234.0  69.0  -46.0  5.65  X   Y   72
125.21   1.51  29.6  56.0  60.0  8.0  5.1  X   Y   73
122.141   -0.297  20.0  176.0  87.0  9.0  5.52  X   Y   74
125.81   2.11  15.0  210.0  32.0  2.0  5.4  X   Y   75
126.8   2.035  44.7  318.0  75.0  68.0  5.88  X   Y   76
126.1   2.66  18.6  34.0  45.0  116.0  5.2  X   Y   77
126.95   3.21  36.9  16.0  39.0  66.0  5.4  X   Y   78
126.43   3.07  33.3  163.0  22.0  56.0  5.4  X   Y   79
126.672   0.053  35.0  355.0  17.0  85.0  5.41  X   Y   80
126.09   -0.04  33.0  355.0  17.0  85.0  5.4  X   Y   81
126.49   2.81  15.0  323.0  27.0  69.0  5.4  X   Y   82
123.266   -3.759  19.9  330.0  73.0  69.0  5.82  X   Y   83
121.52   1.093  35.0  194.0  50.0  -98.0  5.74  X   Y   84
125.41   -7.86  36.4  67.0  33.0  103.0  6.6  X   Y   85
121.18   -7.94  30.4  83.0  45.0  139.0  6.6  X   Y   86
126.57   4.91  46.7  47.0  55.0  140.0  5.3  X   Y   87
126.42   4.77  48.4  207.0  33.0  111.0  5.7  X   Y   88
126.311   -2.946  25.0  61.0  62.0  29.0  5.12  X   Y   89
126.03   -2.36  34.6  61.0  62.0  29.0  5.1  X   Y   90
125.162   -2.134  22.1  71.0  62.0  -21.0  5.12  X   Y   91
121.154   -7.909  25.0  87.0  83.0  171.0  5.59  X   Y   92
122.68   -0.47  33.0  229.0  41.0  -156.0  5.1  X   Y   93
123.118   1.391  30.0  278.0  62.0  109.0  5.95  X   Y   94
123.59   1.9  31.8  60.0  38.0  41.0  5.3  X   Y   95
123.473   1.182  30.0  346.0  81.0  -43.0  6.3  X   Y   96
122.92   1.34  40.5  85.0  48.0  -168.0  6.3  X   Y   97
123.357   1.226  35.3  278.0  64.0  110.0  5.47  X   Y   98
123.77   1.92  38.1  59.0  32.0  56.0  5.5  X   Y   99
123.97   2.12  33.0  58.0  17.0  57.0  5.3  X   Y   100
119.57   -2.84  15.0  264.0  55.0  -15.0  5.2  X   Y   101
123.36   1.54  41.3  47.0  18.0  70.0  5.3  X   Y   102
123.89   1.197  30.0  227.0  63.0  81.0  5.97  X   Y   103
123.29   1.19  15.0  65.0  29.0  106.0  6.0  X   Y   104
123.36   1.33  33.0  119.0  12.0  109.0  5.7  X   Y   105
123.501   1.336  28.0  224.0  76.0  82.0  5.52  X   Y   106
123.01   1.94  15.0  72.0  29.0  49.0  5.2  X   Y   107
121.436   1.086  30.9  196.0  62.0  -105.0  5.58  X   Y   108
125.53   0.91  45.6  213.0  20.0  102.0  5.1  X   Y   109
126.92   0.93  15.0  157.0  68.0  -14.0  5.3  X   Y   110
123.089   1.338  29.3  75.0  26.0  80.0  5.37  X   Y   111
124.014   1.038  30.9  322.0  48.0  67.0  5.79  X   Y   112
124.043   1.089  30.7  352.0  40.0  107.0  5.28  X   Y   113
124.023   1.141  34.8  153.0  49.0  97.0  6.06  X   Y   114
123.42   1.66  33.0  74.0  26.0  61.0  5.1  X   Y   115
123.14   1.37  18.1  94.0  21.0  84.0  5.5  X   Y   116
123.88   1.3  24.9  296.0  36.0  75.0  5.3  X   Y   117
126.834   2.134  35.0  295.0  88.0  85.0  5.8  X   Y   118
123.62   1.42  33.0  122.0  9.0  106.0  5.3  X   Y   119
126.516   -7.469  25.0  283.0  59.0  106.0  6.57  X   Y   120
122.768   1.199  30.0  276.0  83.0  88.0  7.52  X   Y   121
122.74   1.56  15.0  321.0  63.0  150.0  5.4  X   Y   122
124.74   -7.76  44.3  62.0  29.0  89.0  5.6  X   Y   123
122.4   -7.61  43.7  14.0  83.0  -1.0  5.8  X   Y   124
122.542   1.088  30.0  273.0  65.0  92.0  6.59  X   Y   125
122.551   1.261  27.2  115.0  38.0  115.0  5.03  X   Y   126
122.755   1.397  25.0  93.0  40.0  80.0  5.27  X   Y   127
122.098   1.238  30.0  286.0  66.0  108.0  5.93  X   Y   128
126.456   3.517  25.4  350.0  14.0  106.0  5.38  X   Y   129
126.81   -3.42  33.0  212.0  82.0  -178.0  5.1  X   Y   130
123.08   1.37  47.9  39.0  29.0  138.0  5.3  X   Y   131
126.96   3.22  19.0  197.0  6.0  121.0  5.9  X   Y   132
122.613   1.277  34.2  258.0  78.0  82.0  6.09  X   Y   133
125.89   -0.331  48.7  85.0  78.0  96.0  5.5  X   Y   134
124.081   1.055  33.6  334.0  52.0  107.0  5.94  X   Y   135
124.186   1.109  30.0  273.0  52.0  84.0  5.7  X   Y   136
124.117   1.024  32.2  97.0  50.0  95.0  5.95  X   Y   137
124.04   1.1  17.8  280.0  41.0  83.0  5.8  X   Y   138
123.357   1.372  34.6  307.0  75.0  110.0  5.56  X   Y   139
125.64   -0.05  45.8  223.0  23.0  98.0  5.5  X   Y   140
123.575   1.256  35.0  53.0  33.0  56.0  5.41  X   Y   141
123.44   1.34  15.0  295.0  42.0  117.0  5.2  X   Y   142
119.699   -1.562  25.0  160.0  83.0  19.0  5.67  X   Y   143
119.5   -1.6  31.0  68.0  72.0  173.0  5.1  X   Y   144
120.08   -1.17  48.4  68.0  72.0  173.0  5.7  X   Y   145
126.65   -3.22  15.0  72.0  61.0  -3.0  5.2  X   Y   146
126.732   -3.088  17.3  72.0  61.0  -3.0  5.24  X   Y   147
125.7   1.01  15.5  343.0  13.0  -126.0  5.3  X   Y   148
120.1   -4.4  25.0  203.0  43.0  91.0  5.5  X   Y   149
120.72   -4.06  43.5  203.0  43.0  91.0  5.3  X   Y   150
124.891   0.098  45.0  28.0  61.0  82.0  5.67  X   Y   151
125.29   -0.13  49.2  224.0  30.0  103.0  5.7  X   Y   152
124.3   -1.0  34.0  309.0  10.0  127.0  5.8  X   Y   153
122.8   1.61  17.7  116.0  44.0  133.0  5.4  X   Y   154
126.87   2.83  47.4  51.0  44.0  82.0  4.9  X   Y   155
120.356   0.802  37.2  285.0  56.0  -18.0  5.43  X   Y   156
122.43   2.11  47.9  98.0  35.0  102.0  5.2  X   Y   157
122.7   0.5  46.0  274.0  24.0  -138.0  5.3  X   Y   158
125.785   0.62  17.2  183.0  81.0  84.0  6.73  X   Y   159
125.0   1.2  36.0  35.0  11.0  122.0  6.3  X   Y   160
125.71   0.63  16.6  35.0  11.0  122.0  6.7  X   Y   161
125.88   0.359  25.0  209.0  57.0  102.0  5.89  X   Y   162
125.81   0.358  25.0  181.0  64.0  103.0  5.88  X   Y   163
123.9   1.4  0.0  333.0  29.0  65.0  5.3  X   Y   164
125.87   1.19  15.0  334.0  44.0  -85.0  5.4  X   Y   165
125.92   2.23  15.0  356.0  13.0  -119.0  6.0  X   Y   166
123.3   -0.7  40.0  266.0  31.0  154.0  5.1  X   Y   167
123.394   1.245  25.0  109.0  13.0  93.0  5.23  X   Y   168
124.88   -7.71  33.0  41.0  37.0  56.0  5.3  X   Y   169
125.14   -7.71  33.0  46.0  32.0  76.0  5.5  X   Y   170
126.9   -2.56  42.5  42.0  41.0  -6.0  5.4  X   Y   171
126.32   2.44  44.5  34.0  36.0  74.0  5.5  X   Y   172
124.1   -0.4  35.0  180.0  38.0  12.0  5.5  X   Y   173
119.81   -2.97  33.0  216.0  68.0  177.0  5.3  X   Y   174
120.8   2.0  39.0  39.0  73.0  -3.0  5.1  X   Y   175
120.858   1.965  30.0  130.0  88.0  -163.0  5.65  X   Y   176
121.1   -1.6  50.0  142.0  74.0  16.0  5.2  X   Y   177
121.0   -0.25  43.2  142.0  74.0  16.0  5.2  X   Y   178
120.2   -1.1  30.0  129.0  29.0  -58.0  5.8  X   Y   179
121.3   -2.7  30.0  24.0  81.0  178.0  4.8  X   Y   180
121.183   -2.369  35.0  24.0  81.0  178.0  5.23  X   Y   181
121.93   -1.89  49.0  24.0  81.0  178.0  5.2  X   Y   182
126.98   3.17  38.3  207.0  17.0  136.0  5.3  X   Y   183
125.48   -1.99  33.0  280.0  70.0  -5.0  5.3  X   Y   184
123.61   0.46  33.0  109.0  57.0  -24.0  5.0  X   Y   185
123.473   0.451  47.5  109.0  57.0  -24.0  5.04  X   Y   186
121.618   1.241  28.0  9.0  53.0  -87.0  5.95  X   Y   187
122.0   0.6  35.0  185.0  37.0  -93.0  5.5  X   Y   188
121.72   1.32  17.8  185.0  37.0  -93.0  5.9  X   Y   189
119.963   0.741  33.5  252.0  85.0  94.0  7.87  X   Y   190
120.2   0.3  21.0  36.0  6.0  54.0  5.5  X   Y   191
119.93   0.74  15.0  36.0  6.0  54.0  7.9  X   Y   192
119.3   1.0  33.0  165.0  72.0  161.0  4.7  X   Y   193
119.965   0.722  35.0  165.0  72.0  161.0  5.43  X   Y   194
119.88   0.66  26.7  53.0  57.0  -8.0  5.5  X   Y   195
125.0   0.08  40.1  202.0  28.0  78.0  5.0  X   Y   196
119.621   0.489  30.7  235.0  86.0  34.0  5.61  X   Y   197
124.734   -2.006  35.2  297.0  62.0  3.0  5.44  X   Y   198
127.039   -3.913  36.2  279.0  33.0  101.0  5.25  X   Y   199
126.201   3.04  32.8  206.0  74.0  101.0  5.89  X   Y   200
120.373   1.072  29.9  58.0  22.0  66.0  5.44  X   Y   201
126.236   3.077  30.5  221.0  65.0  95.0  5.58  X   Y   202
126.35   3.6  37.6  30.0  26.0  80.0  5.6  X   Y   203
126.1   3.3  33.0  354.0  24.0  43.0  5.2  X   Y   204
122.869   1.381  32.8  301.0  72.0  102.0  5.72  X   Y   205
120.35   1.27  21.0  63.0  14.0  71.0  6.5  X   Y   206
120.458   1.027  28.4  264.0  77.0  96.0  6.98  X   Y   207
120.561   1.161  28.1  70.0  25.0  68.0  5.38  X   Y   208
120.5   0.9  33.0  70.0  25.0  68.0  5.6  X   Y   209
120.35   1.36  20.0  57.0  16.0  71.0  5.9  X   Y   210
120.97   1.79  33.0  47.0  24.0  38.0  5.1  X   Y   211
125.1   0.3  28.0  145.0  50.0  -47.0  6.4  X   Y   212
120.26   1.69  43.4  40.0  21.0  50.0  5.3  X   Y   213
120.453   0.332  28.5  200.0  63.0  -102.0  5.66  X   Y   214
120.32   1.43  18.0  52.0  17.0  66.0  5.8  X   Y   215
120.58   1.75  33.0  95.0  21.0  82.0  5.2  X   Y   216
126.461   0.902  33.0  59.0  32.0  111.0  5.32  X   Y   217
120.668   1.194  30.0  267.0  88.0  93.0  5.59  X   Y   218
119.2   0.8  31.0  142.0  57.0  175.0  4.8  X   Y   219
126.53   0.54  29.8  187.0  34.0  41.0  5.3  X   Y   220
125.31   -0.02  37.3  208.0  19.0  80.0  5.3  X   Y   221
117.58   -7.978  28.5  229.0  68.0  9.0  5.1  X   Y   222
125.411   0.398  50.0  29.0  73.0  82.0  5.75  X   Y   223
120.33   -1.95  42.1  287.0  46.0  -59.0  5.4  X   Y   224
121.7   -0.9  36.0  322.0  86.0  2.0  5.2  X   Y   225
124.4   -1.13  35.3  313.0  65.0  27.0  5.1  X   Y   226
119.7   -3.9  33.0  13.0  40.0  110.0  6.0  X   Y   227
126.2   2.4  33.0  294.0  62.0  169.0  5.1  X   Y   228
124.61   -1.19  34.5  206.0  81.0  175.0  5.5  X   Y   229
124.02   -0.883  49.4  297.0  85.0  9.0  5.52  X   Y   230
122.498   1.229  25.0  275.0  69.0  89.0  7.02  X   Y   231
122.6   1.3  40.0  98.0  21.0  93.0  6.5  X   Y   232
122.71   1.37  29.4  98.0  21.0  93.0  7.0  X   Y   233
126.5   2.8  33.0  32.0  26.0  122.0  5.6  X   Y   234
125.56   -2.24  31.5  109.0  66.0  22.0  5.3  X   Y   235
119.563   0.268  30.0  207.0  72.0  28.0  6.61  X   Y   236
120.99   1.8  38.3  268.0  69.0  -3.0  5.0  X   Y   237
124.06   -6.1  46.0  37.0  27.0  89.0  5.1  X   Y   238
125.4   -2.9  8.0  181.0  29.0  130.0  5.0  X   Y   239
126.23   -2.761  30.0  181.0  29.0  130.0  5.22  X   Y   240
122.7   -0.6  34.0  166.0  56.0  147.0  4.8  X   Y   241
124.5   4.85  36.8  201.0  33.0  129.0  5.3  X   Y   242
126.3   3.94  15.0  307.0  37.0  73.0  5.1  X   Y   243
126.332   3.819  17.5  313.0  30.0  74.0  6.12  X   Y   244
119.8   -0.3  33.0  359.0  34.0  41.0  6.0  X   Y   245
120.1   -0.8  28.0  355.0  31.0  35.0  5.5  X   Y   246
120.55   0.32  30.3  355.0  31.0  35.0  6.0  X   Y   247
125.2   -7.5  40.0  34.0  28.0  77.0  5.2  X   Y   248
126.02   -7.61  42.7  34.0  28.0  77.0  5.4  X   Y   249
123.154   -3.493  25.0  222.0  53.0  -102.0  5.61  X   Y   250
125.8   0.4  10.0  48.0  69.0  -165.0  5.0  X   Y   251
124.818   -1.924  25.0  196.0  65.0  -150.0  7.71  X   Y   252
125.9   0.4  0.0  183.0  65.0  22.0  5.1  X   Y   253
126.72   1.58  25.1  78.0  28.0  168.0  5.2  X   Y   254
123.713   -1.274  25.0  332.0  86.0  5.0  5.92  X   Y   255
126.91   4.4  44.0  185.0  29.0  67.0  5.3  X   Y   256
119.568   0.295  36.8  15.0  87.0  -16.0  5.47  X   Y   257
126.5   -2.79  15.0  149.0  41.0  142.0  5.7  X   Y   258
123.4   -4.5  45.0  308.0  51.0  -25.0  5.0  X   Y   259
126.84   3.33  48.4  177.0  28.0  74.0  5.4  X   Y   260
120.0   1.2  16.0  49.0  19.0  56.0  5.0  X   Y   261
123.1   -0.5  45.0  226.0  29.0  67.0  5.4  X   Y   262
121.496   -0.381  42.0  93.0  58.0  -31.0  5.44  X   Y   263
124.21   0.97  39.4  227.0  30.0  70.0  5.3  X   Y   264
122.578   -1.715  25.0  216.0  86.0  -170.0  6.13  X   Y   265
122.606   -1.761  24.2  145.0  74.0  21.0  5.53  X   Y   266
126.49   2.73  31.3  22.0  39.0  -1.0  5.2  X   Y   267
126.96   2.97  41.8  76.0  51.0  152.0  5.2  X   Y   268
125.46   0.31  41.3  231.0  29.0  141.0  5.1  X   Y   269
121.1   -0.6  0.0  265.0  43.0  -93.0  5.7  X   Y   270
126.0   0.3  35.0  87.0  8.0  -169.0  4.8  X   Y   271
120.736   -7.931  25.0  88.0  50.0  118.0  5.74  X   Y   272
122.83   -7.03  33.0  234.0  40.0  70.0  5.1  X   Y   273
121.28   -7.7  41.1  234.0  40.0  70.0  5.6  X   Y   274
126.76   -0.28  12.0  23.0  30.0  104.0  5.1  X   Y   275
126.81   -1.25  12.0  21.0  42.0  90.0  5.1  X   Y   276
120.84   1.219  30.0  45.0  37.0  -76.0  5.31  X   Y   277
120.76   -0.27  33.0  45.0  37.0  -76.0  5.1  X   Y   278
124.71   4.64  28.0  203.0  58.0  -168.0  5.2  X   Y   279
123.551   -1.12  30.0  319.0  83.0  26.0  7.53  X   Y   280
123.59   -1.29  18.6  225.0  64.0  172.0  7.5  X   Y   281
123.1   -1.54  33.0  219.0  77.0  175.0  4.7  X   Y   282
123.376   -1.212  30.0  310.0  85.0  13.0  5.69  X   Y   283
122.471   -2.608  45.0  15.0  85.0  166.0  5.54  X   Y   284
121.879   -2.668  38.0  213.0  70.0  -158.0  5.19  X   Y   285
123.409   -1.437  30.0  336.0  58.0  48.0  5.55  X   Y   286
123.197   -4.34  20.0  16.0  64.0  70.0  6.24  X   Y   287
123.57   -1.41  21.0  223.0  67.0  -178.0  4.3  X   Y   288
118.31   1.3  21.0  68.0  16.0  64.0  4.4  X   Y   289
118.392   1.065  17.8  68.0  16.0  64.0  5.41  X   Y   290
121.53   0.29  33.0  5.0  63.0  -19.0  5.5  X   Y   291
126.53   0.02  33.0  295.0  22.0  3.0  5.8  X   Y   292
123.312   -1.373  15.0  218.0  80.0  153.0  5.51  X   Y   293
123.344   -5.809  15.0  261.0  18.0  89.0  5.17  X   Y   294
122.84   -5.3  33.0  261.0  18.0  89.0  5.0  X   Y   295
124.0   -1.62  33.0  42.0  77.0  178.0  5.5  X   Y   296
121.45   -0.99  33.0  124.0  8.0  -49.0  5.1  X   Y   297
121.88   -1.01  33.0  124.0  8.0  -49.0  5.4  X   Y   298
119.95   -0.49  20.0  108.0  54.0  -150.0  4.5  X   Y   299
120.25   -0.62  27.2  108.0  54.0  -150.0  5.4  X   Y   300
126.52   2.835  38.1  10.0  71.0  98.0  5.48  X   Y   301
125.76   0.83  33.0  165.0  20.0  66.0  4.7  X   Y   302
123.465   1.281  41.6  66.0  18.0  45.0  5.28  X   Y   303
122.88   1.53  41.6  66.0  18.0  45.0  5.3  X   Y   304
126.48   0.63  33.0  197.0  42.0  78.0  4.5  X   Y   305
121.12   -1.09  33.0  211.0  42.0  98.0  4.3  X   Y   306
122.16   0.28  33.0  351.0  45.0  48.0  4.6  X   Y   307
124.773   -7.846  30.5  296.0  30.0  69.0  5.3  X   Y   308
125.16   -7.24  28.1  296.0  30.0  69.0  5.3  X   Y   309
122.53   -5.35  33.0  296.0  30.0  69.0  4.2  X   Y   310
121.88   -0.93  15.0  318.0  47.0  -35.0  5.1  X   Y   311
124.15   -5.29  33.0  180.0  42.0  -155.0  4.8  X   Y   312
125.61   -1.17  33.0  223.0  26.0  92.0  5.4  X   Y   313
125.17   0.47  33.0  269.0  28.0  139.0  4.8  X   Y   314
123.39   -3.9  33.0  228.0  11.0  142.0  5.0  X   Y   315
123.28   -4.258  20.0  355.0  83.0  82.0  5.59  X   Y   316
123.82   -3.9  16.0  228.0  11.0  142.0  5.6  X   Y   317
126.24   2.56  33.0  197.0  34.0  67.0  5.4  X   Y   318
126.942   2.78  35.0  28.0  63.0  91.0  5.81  X   Y   319
120.637   -7.426  25.0  14.0  28.0  70.0  5.4  X   Y   320
121.22   -7.32  39.0  14.0  28.0  70.0  5.4  X   Y   321
126.92   2.7  42.2  349.0  80.0  -11.0  5.2  X   Y   322
125.73   0.61  30.0  43.0  60.0  157.0  5.1  X   Y   323
126.56   1.34  31.7  4.0  45.0  77.0  6.1  X   Y   324
125.34   1.39  15.0  313.0  11.0  -177.0  5.2  X   Y   325
123.951   -4.1  15.0  89.0  86.0  13.0  7.45  X   Y   326
124.11   -4.31  18.8  358.0  77.0  176.0  7.4  X   Y   327
124.26   -5.2  34.1  185.0  72.0  -172.0  5.3  X   Y   328
124.33   -3.86  15.0  97.0  44.0  9.0  5.4  X   Y   329
124.044   -4.964  30.0  101.0  76.0  17.0  5.65  X   Y   330
126.549   3.561  31.2  177.0  27.0  59.0  5.34  X   Y   331
122.236   -2.963  35.2  104.0  24.0  12.0  5.27  X   Y   332
119.0   -1.0  33.0  170.0  50.0  12.0  5.0  X   Y   333
119.901   -1.161  38.3  170.0  50.0  12.0  5.18  X   Y   334
120.51   -1.34  38.3  170.0  50.0  12.0  5.2  X   Y   335
123.4   -0.2  33.0  233.0  56.0  141.0  4.7  X   Y   336
126.361   3.036  40.0  168.0  84.0  -72.0  5.71  X   Y   337
126.08   -2.07  21.0  277.0  19.0  -160.0  5.4  X   Y   338
120.07   -3.66  33.0  272.0  30.0  -7.0  4.5  X   Y   339
122.5   -0.7  21.0  221.0  64.0  175.0  5.3  X   Y   340
120.215   -1.776  23.0  221.0  64.0  175.0  5.05  X   Y   341
119.41   -1.11  35.0  100.0  37.0  -165.0  4.7  X   Y   342
119.836   0.692  35.0  100.0  37.0  -165.0  5.13  X   Y   343
123.295   -4.174  15.0  225.0  27.0  143.0  5.42  X   Y   344
122.52   -3.89  33.0  225.0  27.0  143.0  4.8  X   Y   345
123.4   1.46  29.0  138.0  60.0  -176.0  5.4  X   Y   346
125.08   -1.28  32.0  217.0  16.0  119.0  4.8  X   Y   347
125.33   1.1  33.0  228.0  23.0  108.0  5.4  X   Y   348
126.847   3.372  37.4  14.0  34.0  109.0  4.97  X   Y   349
126.835   3.427  19.8  180.0  21.0  102.0  5.27  X   Y   350
123.19   -0.598  39.1  36.0  43.0  21.0  5.08  X   Y   351
125.8   0.86  33.0  170.0  34.0  24.0  5.1  X   Y   352
125.92   0.28  31.8  170.0  34.0  24.0  5.1  X   Y   353
125.533   3.461  35.0  46.0  44.0  126.0  5.42  X   Y   354
125.42   3.71  48.0  46.0  44.0  126.0  5.4  X   Y   355
119.39   -0.92  21.0  9.0  20.0  49.0  5.0  X   Y   356
119.61   -1.545  35.8  9.0  20.0  49.0  5.24  X   Y   357
119.833   0.454  17.0  84.0  71.0  -141.0  5.86  X   Y   358
120.191   -1.485  15.0  271.0  34.0  -97.0  5.31  X   Y   359
120.45   -0.95  15.0  271.0  34.0  -97.0  5.3  X   Y   360
121.917   1.087  27.5  105.0  23.0  95.0  5.21  X   Y   361
122.822   1.322  34.8  281.0  72.0  96.0  5.61  X   Y   362
124.27   1.16  33.0  199.0  50.0  -5.0  5.1  X   Y   363
123.963   -0.012  24.6  199.0  50.0  -5.0  5.13  X   Y   364
124.23   0.71  24.6  199.0  50.0  -5.0  5.1  X   Y   365
121.361   -1.314  20.0  210.0  52.0  112.0  6.16  X   Y   366
121.3   -1.26  15.0  357.0  43.0  65.0  6.2  X   Y   367
126.94   2.69  38.0  193.0  30.0  58.0  5.2  X   Y   368
123.2   -1.16  34.0  224.0  62.0  154.0  4.9  X   Y   369
121.95   -0.87  33.0  294.0  46.0  -110.0  5.4  X   Y   370
122.018   -0.733  20.1  327.0  40.0  -98.0  5.17  X   Y   371
126.91   3.07  42.3  183.0  21.0  77.0  5.3  X   Y   372
125.043   -7.81  15.0  272.0  37.0  104.0  5.28  X   Y   373
125.67   -0.04  45.0  246.0  27.0  117.0  5.4  X   Y   374
124.15   -0.17  39.0  176.0  36.0  89.0  5.1  X   Y   375
120.438   1.089  41.8  281.0  75.0  83.0  5.49  X   Y   376
121.03   1.51  41.8  125.0  17.0  113.0  5.5  X   Y   377
125.632   -7.616  30.3  99.0  46.0  108.0  5.19  X   Y   378
123.424   -0.683  41.4  91.0  74.0  -175.0  5.07  X   Y   379
123.97   -0.81  41.4  91.0  74.0  -175.0  5.1  X   Y   380
124.95   -1.61  26.2  319.0  53.0  8.0  5.4  X   Y   381
123.98   -1.64  30.0  319.0  53.0  8.0  5.4  X   Y   382
126.83   1.36  15.0  127.0  15.0  45.0  5.2  X   Y   383
123.11   -0.41  33.0  171.0  51.0  52.0  5.3  X   Y   384
124.63   -0.17  31.0  96.0  54.0  20.0  5.8  X   Y   385
126.54   0.41  37.0  63.0  39.0  165.0  5.5  X   Y   386
121.27   -2.88  33.0  281.0  23.0  -84.0  5.0  X   Y   387
126.963   2.064  30.0  298.0  84.0  85.0  5.8  X   Y   388
126.852   2.003  37.6  111.0  87.0  -85.0  5.6  X   Y   389
121.94   -7.86  15.0  299.0  10.0  74.0  5.2  X   Y   390
125.96   -3.54  35.0  61.0  69.0  2.0  4.9  X   Y   391
122.62   1.54  34.4  147.0  39.0  143.0  4.9  X   Y   392
123.08   0.67  9.4  147.0  39.0  143.0  4.7  X   Y   393
125.5   -2.44  43.0  345.0  41.0  121.0  5.1  X   Y   394
125.081   -2.074  15.0  126.0  56.0  66.0  5.58  X   Y   395
123.2   -7.63  33.0  230.0  39.0  26.0  4.9  X   Y   396
126.8   2.0  33.0  354.0  43.0  44.0  5.2  X   Y   397
124.9   -6.69  33.0  167.0  36.0  -163.0  5.3  X   Y   398
125.85   -7.43  33.0  223.0  39.0  49.0  5.1  X   Y   399
123.36   -0.64  33.0  281.0  47.0  121.0  5.5  X   Y   400
124.65   0.81  33.0  45.0  71.0  3.0  5.0  X   Y   401
122.5   -5.9  33.0  30.0  40.0  88.0  4.8  X   Y   402
122.7   -5.06  17.9  30.0  40.0  88.0  4.8  X   Y   403
126.63   -0.19  20.8  105.0  41.0  -53.0  4.9  X   Y   404
120.43   4.8  25.0  318.0  41.0  83.0  5.0  X   Y   405
120.02   -2.88  33.0  318.0  41.0  83.0  4.3  X   Y   406
119.57   -0.96  26.5  351.0  63.0  -21.0  4.9  X   Y   407
121.8   -1.26  42.0  24.0  35.0  17.0  4.7  X   Y   408
125.12   -7.87  17.0  67.0  27.0  72.0  7.5  X   Y   409
125.36   -7.96  16.3  86.0  33.0  74.0  5.1  X   Y   410
124.77   -7.99  23.6  108.0  46.0  146.0  5.0  X   Y   411
125.06   -7.97  13.0  61.0  28.0  75.0  5.2  X   Y   412
124.928   -7.916  10.0  92.0  29.0  101.0  5.38  X   Y   413
125.87   -2.8  20.0  92.0  45.0  -103.0  5.3  X   Y   414
126.101   -3.389  10.0  92.0  45.0  -103.0  5.33  X   Y   415
125.32   -7.96  17.6  74.0  43.0  0.0  5.3  X   Y   416
125.174   -7.892  17.5  49.0  73.0  -174.0  5.11  X   Y   417
124.8   -6.6  33.0  49.0  73.0  -174.0  5.0  X   Y   418
125.7   1.8  33.0  147.0  72.0  172.0  4.5  X   Y   419
125.841   1.281  35.0  141.0  86.0  93.0  5.47  X   Y   420
120.043   -1.101  15.0  76.0  52.0  -151.0  5.26  X   Y   421
120.013   -1.19  10.0  321.0  61.0  -59.0  6.24  X   Y   422
126.596   -2.006  15.0  90.0  51.0  -48.0  5.18  X   Y   423
123.9   -0.2  14.9  150.0  49.0  46.0  5.0  X   Y   424
125.4   -0.6  33.0  351.0  32.0  73.0  4.9  X   Y   425
122.3   -5.9  33.0  41.0  49.0  121.0  6.9  X   Y   426
122.174   -5.652  11.6  179.0  49.0  59.0  6.44  X   Y   427
122.41   -5.62  20.2  161.0  37.0  88.0  4.9  X   Y   428
126.429   2.637  25.8  354.0  54.0  119.0  5.83  X   Y   429
124.82   -7.993  29.6  143.0  81.0  12.0  5.78  X   Y   430
124.716   -7.931  26.1  227.0  32.0  43.0  5.36  X   Y   431
120.62   -1.04  28.1  90.0  44.0  -91.0  4.8  X   Y   432
126.3   -1.0  30.0  254.0  50.0  128.0  5.4  X   Y   433
120.0   1.5  33.0  116.0  68.0  -21.0  4.7  X   Y   434
126.5   -2.8  18.7  27.0  38.0  93.0  5.6  X   Y   435
126.585   2.742  45.0  167.0  74.0  58.0  5.9  X   Y   436
126.52   2.9  25.4  326.0  58.0  -3.0  5.4  X   Y   437
125.9   -2.8  33.0  80.0  44.0  -141.0  4.7  X   Y   438
119.998   -1.227  10.0  320.0  64.0  -53.0  5.88  X   Y   439
126.45   2.64  31.4  180.0  45.0  106.0  4.9  X   Y   440
123.7   -5.4  30.0  225.0  31.0  -134.0  5.1  X   Y   441
126.69   2.82  31.4  44.0  44.0  140.0  5.2  X   Y   442
126.43   2.94  31.8  339.0  36.0  90.0  5.0  X   Y   443
125.5   -7.98  25.2  122.0  40.0  135.0  4.7  X   Y   444
125.568   -7.714  15.0  75.0  47.0  134.0  5.14  X   Y   445
123.733   -7.862  15.0  101.0  60.0  171.0  5.09  X   Y   446
124.6   -0.8  33.0  259.0  31.0  140.0  5.2  X   Y   447
124.732   -0.196  30.0  24.0  71.0  65.0  6.35  X   Y   448
119.94   -0.24  12.0  89.0  75.0  -170.0  5.0  X   Y   449
117.898   1.57  15.0  120.0  38.0  93.0  5.4  X   Y   450
125.56   1.67  10.0  54.0  34.0  135.0  5.2  X   Y   451
124.05   -0.64  13.9  14.0  35.0  -5.0  5.0  X   Y   452
123.108   -5.17  15.0  318.0  75.0  51.0  5.58  X   Y   453
126.41   3.78  45.0  171.0  8.0  73.0  5.4  X   Y   454
124.796   -0.224  35.0  22.0  72.0  56.0  6.29  X   Y   455
125.92   -0.24  31.4  267.0  38.0  149.0  6.3  X   Y   456
126.79   -4.71  15.0  221.0  80.0  -2.0  6.1  X   Y   457
121.836   1.205  24.4  69.0  63.0  -97.0  5.52  X   Y   458
121.832   1.25  36.6  240.0  28.0  -98.0  5.33  X   Y   459
123.294   -0.372  30.0  163.0  59.0  35.0  6.3  X   Y   460
123.31   -0.448  36.2  178.0  52.0  51.0  5.05  X   Y   461
119.695   0.231  35.0  351.0  45.0  -94.0  5.22  X   Y   462
123.248   -0.397  35.7  168.0  55.0  37.0  5.95  X   Y   463
123.54   -0.49  31.0  168.0  55.0  37.0  5.1  X   Y   464
123.23   -0.41  45.0  21.0  43.0  107.0  5.0  X   Y   465
126.865   -4.672  16.0  97.0  62.0  106.0  5.79  X   Y   466
121.79   1.28  46.3  85.0  37.0  90.0  4.9  X   Y   467
126.21   -2.87  10.0  140.0  39.0  79.0  5.4  X   Y   468
126.21   -2.86  21.0  175.0  44.0  121.0  5.0  X   Y   469
122.926   1.421  18.9  92.0  29.0  101.0  5.07  X   Y   470
124.83   -0.18  35.0  238.0  34.0  82.0  5.7  X   Y   471
125.22   4.95  10.0  315.0  27.0  80.0  5.7  X   Y   472
125.28   4.905  17.8  340.0  20.0  91.0  5.32  X   Y   473
125.38   4.97  10.0  340.0  20.0  91.0  5.3  X   Y   474
125.65   4.78  10.0  329.0  25.0  84.0  5.3  X   Y   475
125.37   4.93  16.0  331.0  28.0  78.0  5.1  X   Y   476
125.312   4.971  15.0  164.0  62.0  92.0  5.94  X   Y   477
121.637   -4.045  15.0  114.0  44.0  -110.0  5.19  X   Y   478
119.287   -3.738  31.8  209.0  46.0  110.0  5.07  X   Y   479
121.87   -0.56  22.2  166.0  85.0  -2.0  4.9  X   Y   480
126.592   1.25  23.6  208.0  30.0  102.0  5.52  X   Y   481
126.9   1.27  23.6  208.0  30.0  102.0  5.5  X   Y   482
126.637   1.175  21.3  211.0  29.0  113.0  5.56  X   Y   483
125.95   1.64  15.0  358.0  12.0  70.0  5.4  X   Y   484
126.87   3.28  37.8  184.0  25.0  79.0  5.0  X   Y   485
126.802   -0.014  40.0  177.0  85.0  92.0  5.89  X   Y   486
126.18   -3.7  25.1  345.0  83.0  176.0  5.1  X   Y   487
122.723   1.305  25.0  275.0  72.0  89.0  5.62  X   Y   488
124.57   -0.47  50.0  237.0  40.0  107.0  5.2  X   Y   489
123.54   -3.56  0.6  96.0  33.0  -74.0  5.4  X   Y   490
123.308   -3.615  15.0  96.0  33.0  -74.0  5.08  X   Y   491
127.029   2.444  15.0  10.0  81.0  84.0  5.64  X   Y   492
119.43   -1.35  33.0  28.0  19.0  95.0  5.8  X   Y   493
119.546   -1.444  16.1  28.0  19.0  95.0  5.18  X   Y   494
125.82   -0.9  32.4  234.0  37.0  44.0  5.1  X   Y   495
125.54   0.41  22.7  333.0  20.0  71.0  5.2  X   Y   496
122.49   -7.55  20.9  129.0  82.0  177.0  5.1  X   Y   497
123.46   2.54  33.0  67.0  45.0  78.0  6.3  X   Y   498
122.721   -5.882  15.0  207.0  48.0  63.0  5.39  X   Y   499
118.03   -3.536  40.0  261.0  53.0  128.0  5.78  X   Y   500
122.727   1.264  39.5  271.0  69.0  88.0  5.79  X   Y   501
124.5   -0.3  45.7  241.0  34.0  116.0  5.1  X   Y   502
125.84   -7.74  17.2  55.0  29.0  113.0  4.9  X   Y   503
121.8   -7.98  21.2  105.0  79.0  175.0  5.0  X   Y   504
118.28   4.66  12.0  134.0  80.0  8.0  5.0  X   Y   505
122.742   -0.52  21.8  177.0  63.0  -20.0  5.27  X   Y   506
122.66   -0.62  40.0  177.0  63.0  -20.0  5.8  X   Y   507
119.63   -0.338  35.0  230.0  47.0  125.0  5.04  X   Y   508
120.64   0.2  33.0  314.0  35.0  35.0  6.5  X   Y   509
123.05   -0.28  32.0  207.0  44.0  36.0  6.4  X   Y   510
122.18   1.41  10.0  92.0  20.0  84.0  7.7  X   Y   511
122.077   1.29  34.0  278.0  70.0  92.0  7.35  X   Y   512
126.8   1.26  29.0  275.0  58.0  -35.0  5.5  X   Y   513
122.0   -1.48  10.0  119.0  29.0  121.0  5.3  X   Y   514
121.888   1.336  30.0  119.0  29.0  121.0  5.07  X   Y   515
123.494   1.34  19.3  106.0  18.0  97.0  5.4  X   Y   516
124.55   0.15  10.0  258.0  50.0  139.0  5.6  X   Y   517
126.86   4.7  25.7  180.0  44.0  103.0  5.0  X   Y   518
119.843   -1.105  20.0  309.0  50.0  -87.0  5.56  X   Y   519
126.64   -2.91  15.0  325.0  79.0  180.0  5.2  X   Y   520
122.14   2.14  29.6  250.0  29.0  37.0  5.2  X   Y   521
126.94   4.48  26.1  263.0  7.0  180.0  5.5  X   Y   522
127.009   4.488  45.0  7.0  88.0  87.0  5.75  X   Y   523
126.415   -4.073  18.4  344.0  80.0  176.0  5.13  X   Y   524
122.295   1.351  29.2  270.0  74.0  88.0  5.68  X   Y   525
124.4   4.65  27.3  149.0  84.0  5.0  5.2  X   Y   526
129.98   2.44  22.5  40.0  42.0  133.0  5.4  X   Y   527
126.99   2.94  45.3  80.0  28.0  117.0  5.5  X   Y   528
120.866   1.165  25.0  262.0  68.0  92.0  5.75  X   Y   529
125.96   2.67  30.0  188.0  39.0  83.0  5.6  X   Y   530
123.228   -3.557  15.0  240.0  52.0  -107.0  5.75  X   Y   531
123.242   -3.62  15.0  84.0  50.0  -55.0  5.39  X   Y   532
123.262   -3.572  15.0  72.0  38.0  -89.0  5.49  X   Y   533
125.93   -7.34  10.0  318.0  69.0  169.0  5.6  X   Y   534
126.05   -7.38  20.3  318.0  69.0  169.0  4.9  X   Y   535
120.75   1.28  10.0  87.0  24.0  96.0  5.6  X   Y   536
120.975   1.18  38.1  87.0  24.0  96.0  5.16  X   Y   537
118.877   -7.998  17.6  88.0  22.0  96.0  4.98  X   Y   538
120.0   -0.5  19.9  73.0  65.0  -179.0  4.8  X   Y   539
122.21   1.66  15.0  96.0  22.0  97.0  5.2  X   Y   540
122.41   -0.8  10.0  128.0  39.0  -62.0  5.8  X   Y   541
120.09   -1.25  11.0  336.0  68.0  -16.0  5.1  X   Y   542
124.69   -0.31  30.0  227.0  29.0  87.0  5.2  X   Y   543
119.397   -1.478  15.0  348.0  66.0  0.0  5.36  X   Y   544
123.749   -1.202  28.5  218.0  61.0  158.0  5.11  X   Y   545
123.66   -1.27  10.0  218.0  61.0  158.0  5.5  X   Y   546
123.68   -1.19  28.5  218.0  61.0  158.0  5.1  X   Y   547
124.68   -0.98  10.0  161.0  34.0  83.0  5.6  X   Y   548
124.84   -0.88  36.2  161.0  34.0  83.0  5.1  X   Y   549
125.67   -7.29  10.0  93.0  43.0  87.0  6.1  X   Y   550
126.494   -7.613  20.0  108.0  72.0  169.0  5.01  X   Y   551
126.35   2.49  10.0  79.0  35.0  133.0  5.5  X   Y   552
125.5   1.54  30.0  190.0  44.0  72.0  5.0  X   Y   553
126.56   -4.76  19.0  82.0  76.0  4.0  5.0  X   Y   554
122.05   -5.93  11.0  62.0  29.0  139.0  4.9  X   Y   555
117.58   -5.96  16.6  156.0  77.0  -168.0  5.4  X   Y   556
119.78   -0.85  23.0  73.0  74.0  -178.0  5.3  X   Y   557
123.27   1.06  34.7  266.0  26.0  -103.0  4.9  X   Y   558
126.862   2.032  25.0  226.0  69.0  129.0  5.77  X   Y   559
121.487   -2.446  20.0  19.0  87.0  161.0  6.07  X   Y   560
126.999   3.056  25.0  12.0  73.0  77.0  5.85  X   Y   561
122.857   -4.451  15.0  236.0  81.0  -148.0  6.13  X   Y   562
124.59   0.01  10.0  240.0  39.0  110.0  5.1  X   Y   563
123.02   -0.14  35.0  59.0  40.0  126.0  6.1  X   Y   564
125.41   1.0  10.0  80.0  67.0  20.0  5.3  X   Y   565
125.331   4.722  15.0  28.0  22.0  100.0  5.35  X   Y   566
121.77   -0.97  10.0  110.0  48.0  -148.0  5.2  X   Y   567
121.779   0.972  27.0  110.0  48.0  -148.0  5.02  X   Y   568
121.732   -4.074  12.3  131.0  45.0  -79.0  5.49  X   Y   569
121.721   -4.083  15.0  142.0  45.0  -75.0  5.21  X   Y   570
125.35   -0.14  45.0  227.0  36.0  90.0  5.3  X   Y   571
125.155   -2.111  15.0  334.0  37.0  104.0  5.13  X   Y   572
121.57   1.4  20.5  354.0  42.0  -100.0  5.0  X   Y   573
126.96   2.2  47.6  78.0  67.0  -8.0  5.0  X   Y   574
121.929   -0.642  17.0  10.0  51.0  -28.0  5.47  X   Y   575
120.39   0.14  41.0  300.0  42.0  26.0  5.9  X   Y   576
126.524   -1.458  20.0  346.0  49.0  -75.0  5.82  X   Y   577
119.48   -1.17  10.0  17.0  21.0  72.0  5.6  X   Y   578
125.38   4.9  10.0  337.0  85.0  -4.0  5.4  X   Y   579
119.93   -0.35  12.7  250.0  62.0  -161.0  4.8  X   Y   580
124.34   -6.33  10.0  36.0  82.0  -4.0  4.8  X   Y   581
126.81   2.83  47.4  57.0  32.0  -97.0  4.9  X   Y   582
121.85   -2.59  10.0  118.0  44.0  1.0  5.7  X   Y   583
121.94   -2.65  15.0  121.0  59.0  4.0  5.3  X   Y   584
121.0   1.84  10.0  12.0  57.0  3.0  4.9  X   Y   585
125.377   0.356  45.0  29.0  63.0  75.0  5.72  X   Y   586
121.87   -2.63  16.4  129.0  54.0  8.0  5.2  X   Y   587
121.939   -2.618  15.0  111.0  54.0  -3.0  5.3  X   Y   588
126.18   2.22  10.0  80.0  60.0  -164.0  5.5  X   Y   589
123.01   -0.23  10.0  198.0  40.0  79.0  5.8  X   Y   590
122.02   -2.67  10.0  132.0  68.0  -2.0  5.1  X   Y   591
125.56   -0.23  10.0  90.0  60.0  28.0  5.0  X   Y   592
126.48   2.71  34.7  42.0  31.0  104.0  5.1  X   Y   593
118.26   4.66  13.9  110.0  52.0  -16.0  4.8  X   Y   594
122.02   -2.63  12.0  111.0  54.0  -3.0  5.3  X   Y   595
123.77   -7.97  12.0  93.0  29.0  114.0  5.2  X   Y   596
120.08   -1.21  10.0  339.0  83.0  -5.0  6.2  X   Y   597
126.23   3.98  45.8  234.0  52.0  -162.0  4.9  X   Y   598
125.96   1.35  13.0  60.0  48.0  163.0  5.1  X   Y   599
126.6   4.6  19.2  157.0  38.0  -58.0  4.9  X   Y   600
123.72   -0.16  10.0  268.0  27.0  113.0  5.0  X   Y   601
125.02   4.61  22.3  330.0  76.0  174.0  4.9  X   Y   602
125.33   -0.17  16.0  242.0  29.0  113.0  5.5  X   Y   603
122.12   1.28  45.0  105.0  22.0  99.0  5.2  X   Y   604
122.131   1.198  35.0  276.0  67.0  87.0  5.51  X   Y   605
124.95   4.55  10.0  11.0  61.0  172.0  5.2  X   Y   606
125.33   -0.17  10.0  248.0  33.0  117.0  5.2  X   Y   607
125.194   4.727  15.0  19.0  63.0  172.0  5.26  X   Y   608
122.21   1.45  10.0  102.0  20.0  101.0  5.7  X   Y   609
122.2   1.82  38.8  93.0  28.0  91.0  5.6  X   Y   610
117.55   -7.96  20.7  79.0  45.0  81.0  4.9  X   Y   611
123.863   -0.675  35.0  224.0  73.0  -155.0  6.1  X   Y   612
125.8   -5.19  19.0  132.0  81.0  -177.0  5.4  X   Y   613
125.77   -0.21  39.7  276.0  51.0  161.0  5.0  X   Y   614
119.839   0.109  33.6  330.0  37.0  37.0  5.35  X   Y   615
117.74   3.0  23.3  221.0  78.0  178.0  4.8  X   Y   616
119.8   -0.64  28.2  330.0  38.0  -19.0  4.9  X   Y   617
120.95   -1.15  20.2  146.0  74.0  8.0  4.9  X   Y   618
121.39   -1.03  18.3  346.0  51.0  53.0  4.8  X   Y   619
121.617   -0.912  16.5  43.0  75.0  169.0  5.27  X   Y   620
122.72   -0.59  12.5  166.0  53.0  -8.0  4.8  X   Y   621
123.33   -3.28  15.2  175.0  33.0  -91.0  4.9  X   Y   622
122.285   1.446  21.0  278.0  68.0  87.0  5.6  X   Y   623
122.363   1.407  21.2  105.0  19.0  98.0  5.37  X   Y   624
124.1   -4.45  15.6  15.0  44.0  179.0  4.9  X   Y   625
122.62   -5.61  17.1  8.0  43.0  79.0  4.8  X   Y   626
121.363   -0.907  15.3  249.0  30.0  -134.0  5.05  X   Y   627
127.046   3.545  16.7  176.0  30.0  78.0  5.12  X   Y   628
126.26   -1.25  18.3  352.0  29.0  -82.0  5.1  X   Y   629
122.97   1.93  16.7  110.0  32.0  -92.0  5.3  X   Y   630
120.248   -1.097  24.8  114.0  28.0  -79.0  5.4  X   Y   631
122.858   -4.314  15.0  144.0  59.0  -3.0  4.96  X   Y   632
120.02   -0.17  39.7  147.0  32.0  54.0  4.9  X   Y   633
120.04   0.23  46.1  159.0  48.0  -176.0  5.3  X   Y   634
127.024   2.3  30.1  321.0  54.0  67.0  6.54  X   Y   635
121.55   2.4  43.5  69.0  66.0  16.0  5.0  X   Y   636
126.991   2.431  27.4  180.0  54.0  95.0  5.77  X   Y   637
122.383   -2.928  19.8  38.0  81.0  158.0  5.63  X   Y   638
122.56   -2.8  27.4  125.0  62.0  11.0  5.0  X   Y   639
126.2   2.04  31.0  45.0  39.0  82.0  5.3  X   Y   640
120.95   -2.09  19.9  39.0  70.0  173.0  4.7  X   Y   641
120.026   0.158  35.0  174.0  19.0  -143.0  5.1  X   Y   642
119.761   4.627  18.2  198.0  37.0  128.0  5.63  X   Y   643
119.435   -2.494  17.6  52.0  43.0  -159.0  5.53  X   Y   644
122.378   -0.59  25.1  263.0  29.0  -161.0  6.06  X   Y   645
124.28   -0.14  49.1  248.0  43.0  136.0  5.3  X   Y   646
124.46   -0.28  41.5  228.0  35.0  109.0  4.9  X   Y   647
121.02   -1.12  18.1  52.0  70.0  165.0  4.8  X   Y   648
122.25   -0.66  17.6  167.0  45.0  -7.0  5.0  X   Y   649
122.89   1.52  27.8  101.0  21.0  96.0  4.9  X   Y   650
117.683   3.662  16.0  94.0  79.0  4.0  6.05  X   Y   651
125.01   4.67  15.1  10.0  71.0  -4.0  5.2  X   Y   652
125.153   4.732  13.4  102.0  89.0  -163.0  5.56  X   Y   653
125.4   -2.95  19.1  323.0  39.0  90.0  4.9  X   Y   654
126.54   0.57  33.1  47.0  49.0  123.0  4.8  X   Y   655
121.77   1.19  44.4  98.0  36.0  91.0  4.9  X   Y   656
126.766   -7.932  25.6  91.0  47.0  114.0  4.99  X   Y   657
126.76   -7.99  13.3  81.0  46.0  122.0  5.3  X   Y   658
126.28   -2.4  22.9  301.0  45.0  53.0  4.9  X   Y   659
120.418   -0.952  18.1  159.0  38.0  -22.0  5.27  X   Y   660
126.69   -2.65  17.1  152.0  46.0  115.0  4.9  X   Y   661
125.38   0.04  32.2  27.0  41.0  129.0  5.0  X   Y   662
124.55   -0.35  42.1  234.0  35.0  117.0  4.9  X   Y   663
120.08   -1.14  21.0  63.0  67.0  -159.0  4.8  X   Y   664
122.15   -2.76  16.0  119.0  41.0  -8.0  5.7  X   Y   665
120.427   -1.297  16.8  277.0  57.0  -98.0  6.58  X   Y   666
120.69   -1.01  17.9  130.0  65.0  2.0  4.9  X   Y   667
120.48   -1.25  18.1  139.0  59.0  -29.0  4.9  X   Y   668
121.81   -2.62  15.7  129.0  45.0  -3.0  5.3  X   Y   669
126.137   -3.623  20.1  260.0  90.0  -3.0  5.78  X   Y   670
121.899   -7.634  20.9  111.0  72.0  -167.0  4.96  X   Y   671
120.23   -1.29  14.8  268.0  30.0  -143.0  4.9  X   Y   672
119.94   -1.328  20.0  64.0  74.0  -179.0  5.02  X   Y   673
120.013   -1.314  19.1  67.0  84.0  178.0  5.07  X   Y   674
118.823   -7.871  23.9  77.0  70.0  1.0  5.1  X   Y   675
120.48   -1.34  26.8  275.0  38.0  -97.0  4.8  X   Y   676
126.735   -2.735  9.9  315.0  26.0  72.0  6.0  X   Y   677
126.85   -2.65  14.4  304.0  44.0  55.0  4.9  X   Y   678
123.21   -0.5  49.3  144.0  67.0  22.0  5.2  X   Y   679
126.812   1.391  40.0  153.0  79.0  -2.0  6.02  X   Y   680
126.82   4.59  37.6  254.0  63.0  161.0  5.1  X   Y   681
125.004   4.659  26.1  50.0  75.0  175.0  5.23  X   Y   682
125.79   -7.447  17.7  53.0  45.0  59.0  4.97  X   Y   683
119.67   -0.78  30.2  7.0  34.0  56.0  4.9  X   Y   684
119.852   -0.345  25.4  359.0  66.0  -14.0  6.06  X   Y   685
120.02   -0.4  12.0  181.0  77.0  -1.0  5.2  X   Y   686
119.895   -0.273  23.0  348.0  57.0  -15.0  7.57  X   Y   687
120.22   -1.44  12.0  127.0  59.0  4.0  5.0  X   Y   688
120.19   -1.51  22.3  52.0  76.0  -176.0  4.9  X   Y   689
120.15   -1.51  14.7  101.0  38.0  -69.0  5.0  X   Y   690
120.19   -1.43  12.0  116.0  37.0  -56.0  5.1  X   Y   691
120.24   -1.25  26.1  111.0  35.0  -86.0  5.1  X   Y   692
119.65   0.0  15.0  311.0  27.0  12.0  5.3  X   Y   693
126.92   3.37  38.2  183.0  32.0  70.0  5.1  X   Y   694
119.89   -0.52  12.0  258.0  76.0  167.0  5.8  X   Y   695
119.867   -0.695  24.2  349.0  38.0  -3.0  5.34  X   Y   696
119.95   -1.44  15.0  115.0  13.0  6.0  5.4  X   Y   697
126.01   0.2  29.6  346.0  41.0  42.0  4.9  X   Y   698
120.04   -0.87  27.0  145.0  33.0  -48.0  4.9  X   Y   699
121.52   1.43  22.6  186.0  44.0  -76.0  4.8  X   Y   700
126.646   -5.087  19.0  325.0  78.0  170.0  5.66  X   Y   701
120.23   -1.65  22.1  47.0  72.0  -165.0  5.1  X   Y   702
120.46   -1.24  14.4  120.0  37.0  -80.0  4.8  X   Y   703
120.41   -1.25  13.1  124.0  44.0  -60.0  5.0  X   Y   704
119.54   -2.82  12.0  6.0  64.0  173.0  4.7  X   Y   705
119.48   -2.83  12.0  121.0  51.0  2.0  5.2  X   Y   706
125.34   3.469  31.0  357.0  23.0  81.0  5.07  X   Y   707
119.42   -2.86  12.0  76.0  27.0  -68.0  5.3  X   Y   708
119.52   -2.81  12.0  8.0  68.0  175.0  5.0  X   Y   709
119.436   -2.878  15.9  77.0  28.0  -60.0  5.53  X   Y   710
119.58   -2.79  12.7  87.0  49.0  -8.0  4.9  X   Y   711
119.33   -2.99  15.0  55.0  22.0  -29.0  5.0  X   Y   712
126.84   2.93  28.1  45.0  37.0  117.0  5.3  X   Y   713
126.85   4.49  20.1  191.0  41.0  -30.0  5.1  X   Y   714
120.29   -1.48  19.7  109.0  41.0  -54.0  4.9  X   Y   715
121.47   -2.43  16.7  111.0  53.0  -14.0  4.7  X   Y   716
119.67   0.12  22.5  60.0  60.0  164.0  4.9  X   Y   717
120.53   -1.77  12.3  136.0  41.0  63.0  5.5  X   Y   718
122.56   -1.85  12.0  43.0  83.0  -175.0  6.8  X   Y   719
122.65   -1.63  19.3  342.0  45.0  70.0  4.9  X   Y   720
125.92   -0.78  19.8  251.0  16.0  72.0  5.3  X   Y   721
122.52   -1.81  17.9  27.0  68.0  -162.0  5.4  X   Y   722
122.16   1.16  46.4  93.0  39.0  92.0  5.1  X   Y   723
119.44   -2.84  15.1  351.0  58.0  -167.0  4.8  X   Y   724
121.65   -2.6  12.0  129.0  72.0  5.0  4.7  X   Y   725
126.36   0.81  28.4  171.0  43.0  103.0  5.0  X   Y   726
126.37   0.15  21.1  209.0  29.0  53.0  5.3  X   Y   727
126.17   2.32  48.3  8.0  38.0  129.0  5.2  X   Y   728
126.01   -0.21  27.8  83.0  47.0  124.0  5.1  X   Y   729
124.65   -0.11  25.0  195.0  13.0  14.0  5.3  X   Y   730
125.12   4.85  32.3  192.0  39.0  78.0  5.0  X   Y   731
123.46   1.58  29.0  85.0  34.0  61.0  5.0  X   Y   732
125.3   4.72  21.2  352.0  21.0  91.0  5.4  X   Y   733
125.04   -5.69  12.0  128.0  70.0  169.0  5.5  X   Y   734
126.36   0.79  27.5  59.0  49.0  153.0  5.9  X   Y   735
125.37   -0.42  36.5  255.0  33.0  123.0  5.0  X   Y   736
126.45   -1.26  24.9  323.0  58.0  -152.0  4.8  X   Y   737
121.98   1.6  28.0  91.0  20.0  91.0  5.2  X   Y   738
120.18   -1.68  18.9  36.0  86.0  177.0  5.8  X   Y   739
125.29   3.87  24.4  18.0  22.0  106.0  4.9  X   Y   740
126.87   0.33  26.3  156.0  69.0  -10.0  5.0  X   Y   741
126.68   1.2  46.7  248.0  80.0  179.0  5.8  X   Y   742
126.15   3.98  28.4  182.0  75.0  168.0  5.2  X   Y   743
126.34   -4.15  23.0  332.0  77.0  -177.0  5.7  X   Y   744
122.16   -2.68  12.0  115.0  32.0  -7.0  4.9  X   Y   745
126.21   -3.81  19.0  252.0  79.0  -5.0  5.4  X   Y   746
119.27   -1.92  31.1  7.0  36.0  84.0  4.9  X   Y   747
125.48   0.5  32.0  337.0  27.0  66.0  5.0  X   Y   748
122.57   -5.87  12.0  354.0  32.0  54.0  5.3  X   Y   749
119.07   -2.22  21.4  167.0  46.0  46.0  5.5  X   Y   750
124.45   -0.36  39.8  240.0  35.0  116.0  5.4  X   Y   751
123.38   -3.4  15.5  150.0  14.0  74.0  5.4  X   Y   752
126.75   1.73  26.5  358.0  51.0  47.0  5.0  X   Y   753
124.39   -0.35  37.4  247.0  33.0  107.0  5.2  X   Y   754
124.55   -0.26  40.6  230.0  29.0  87.0  5.2  X   Y   755
122.25   -2.66  13.2  95.0  32.0  -13.0  5.0  X   Y   756
119.97   1.31  25.0  60.0  15.0  82.0  5.3  X   Y   757
118.85   -2.84  20.7  353.0  28.0  60.0  5.7  X   Y   758
118.85   -2.82  18.2  330.0  17.0  59.0  6.3  X   Y   759
122.51   -2.59  29.2  69.0  43.0  -109.0  4.9  X   Y   760
124.42   -0.26  41.2  236.0  34.0  113.0  4.8  X   Y   761
119.94   1.23  28.6  47.0  19.0  77.0  5.1  X   Y   762
121.92   1.56  28.1  96.0  20.0  95.0  5.9  X   Y   763
126.49   4.97  44.4  141.0  46.0  -172.0  4.8  X   Y   764
126.96   1.09  25.5  142.0  82.0  6.0  5.4  X   Y   765
120.19   -1.52  17.2  87.0  42.0  -82.0  4.7  X   Y   766
119.95   1.22  25.0  66.0  10.0  83.0  5.2  X   Y   767
119.43   -2.86  12.0  81.0  34.0  -60.0  5.2  X   Y   768
121.95   -0.64  12.0  138.0  41.0  -61.0  5.7  X   Y   769
121.97   -0.68  12.0  139.0  42.0  -59.0  6.2  X   Y   770
121.52   -0.73  12.0  138.0  75.0  6.0  5.8  X   Y   771
122.05   1.3  40.2  2.0  53.0  35.0  5.2  X   Y   772
125.61   -7.5  17.8  47.0  33.0  60.0  5.5  X   Y   773
120.65   -1.29  16.1  234.0  60.0  -157.0  5.1  X   Y   774
123.62   -0.72  36.2  158.0  40.0  37.0  5.0  X   Y   775
121.97   -7.46  13.5  19.0  71.0  1.0  7.3  X   Y   776
118.72   -7.74  12.0  40.0  44.0  -129.0  4.9  X   Y   777
124.08   -4.47  14.7  293.0  85.0  0.0  4.8  X   Y   778
122.9   -3.75  18.6  176.0  63.0  21.0  4.7  X   Y   779
122.75   -3.75  15.1  75.0  70.0  168.0  5.2  X   Y   780
126.9   2.13  24.3  345.0  49.0  32.0  6.0  X   Y   781
122.34   -2.72  12.0  100.0  76.0  -2.0  4.8  X   Y   782
124.55   -0.35  37.8  233.0  29.0  104.0  5.0  X   Y   783
120.6   -2.06  16.4  126.0  74.0  -5.0  4.7  X   Y   784
118.5   -2.7  34.9  327.0  53.0  6.0  5.9  X   Y   785
126.93   0.92  25.3  143.0  86.0  -1.0  5.0  X   Y   786
122.45   -7.55  16.5  120.0  67.0  165.0  5.4  X   Y   787
122.44   -7.57  14.8  87.0  37.0  98.0  5.5  X   Y   788
122.69   -2.35  12.0  37.0  71.0  -178.0  5.0  X   Y   789
