#Longitude Latitude Depth_(km) mrr mtt mff mrt mrf mtf Exponent_(dyn-cm) X_position(GMT) Y_position(GMT) ID rupture_type
125.952 -2.608 20.0 1.92422 -0.962108 -0.962108 1.1417 -1.1417 0.962108 28.0 X Y 0 R
126.688 -5.401 10.0 0.602338 -2.46143 1.8591 -0.0659551 -1.07211 0.465775 25.0 X Y 1 SS-R
118.243 4.924 13.2 -0.273985 2.90269 -2.6287 0.280468 -1.12814 -1.38132 25.0 X Y 2 SS
126.15 -2.88 43.4 0.0449237 0.0778266 -0.12275 0.187688 0.428606 3.5155 25.0 X Y 3 SS
118.965 -7.715 20.0 -0.324782 -0.630452 0.955234 -0.604301 0.522728 1.91461 24.0 X Y 4 SS-N
126.11 -2.31 15.0 -2.42039 2.48689 -0.0665 0.279249 0.420402 -0.176667 25.0 X Y 5 N
126.656 -1.955 25.0 -2.88084 2.96095 -0.080114 0.250614 0.512268 -0.225513 25.0 X Y 6 N
123.377 -4.267 30.0 0.440266 0.329644 -0.76991 0.523606 1.53414 0.485742 24.0 X Y 7 R
124.597 4.664 35.0 -0.0454213 2.6327 -2.58728 -0.394857 0.523753 -0.0227107 25.0 X Y 8 SS
121.26 -2.12 36.4 6.58127 -0.2309 -6.35037 -3.07565 0.337367 -3.41694 23.0 X Y 9 R-SS
119.8 -2.95 15.0 -4.23815 3.07137 1.16678 6.36428 -0.619954 4.91591 24.0 X Y 10 N-SS
125.744 -6.201 40.3 0.105808 -4.73026 4.62446 -1.14017 1.00973 -1.64612 25.0 X Y 11 SS
121.98 -3.55 15.0 -0.46275 0.805635 -0.342885 0.973151 1.27265 0.324421 25.0 X Y 12 N
124.676 -1.947 18.2 -0.265834 0.706126 -0.440293 0.00218083 0.637789 0.872048 24.0 X Y 13 SS-N
125.21 -2.46 36.0 -0.239668 0.636623 -0.396955 0.00196617 0.575012 0.786213 24.0 X Y 14 SS-N
118.38 4.748 15.0 0.534897 1.75254 -2.28744 1.03378 0.265084 1.28278 24.0 X Y 15 SS-R
118.91 4.41 15.0 0.448729 1.45304 -1.90177 0.867309 0.229289 1.11462 24.0 X Y 16 SS-R
118.85 -4.22 15.7 2.31433 -0.660506 -1.65382 -0.887629 -1.95093 -1.06876 24.0 X Y 17 R
124.23 -7.99 34.8 -4.95418 -1.18042 6.1346 -2.44233 -4.30727 -2.60632 23.0 X Y 18 N-SS
121.31 -2.22 26.3 -1.56134 1.62711 -0.0657709 0.984881 -1.24192 2.22325 24.0 X Y 19 SS-N
126.631 -1.874 20.2 -1.73545 0.153084 1.58237 0.532203 0.301182 -0.811406 24.0 X Y 20 N
123.36 -7.85 39.8 0.441782 -1.80384 1.36206 -1.72541 1.17907 -8.50961 24.0 X Y 21 SS
122.614 -5.968 30.0 2.10655 -1.67629 -0.430265 -1.38367 0.178495 -1.19027 24.0 X Y 22 R-SS
123.26 -6.08 18.0 1.76432 -1.41771 -0.346611 -1.17789 0.150086 -0.9902 24.0 X Y 23 R-SS
118.779 -2.803 28.1 0.651943 -0.0381558 -0.613787 -0.252404 -1.01234 -0.153034 26.0 X Y 24 R
125.978 -4.784 39.5 -0.1781 -1.35362 1.53172 0.562524 -0.179671 1.41881 25.0 X Y 25 SS
123.193 -3.433 20.0 0.919437 -0.00240471 -0.917032 -0.167275 0.94933 0.0768862 24.0 X Y 26 R
119.42 -2.43 40.5 1.95622 6.58089 -8.5371 3.8514 -2.01995 -0.714738 24.0 X Y 27 SS-R
120.24 -2.17 10.6 -0.721763 1.79527 -1.07351 -1.04243 -1.2148 0.03588 24.0 X Y 28 N-SS
119.625 -2.034 20.0 -0.77369 1.99441 -1.22072 -1.14163 -1.35149 0.05379 24.0 X Y 29 N-SS
119.61 -2.036 20.0 -1.33607 4.78134 -3.44528 0.482646 -2.21222 -0.239386 25.0 X Y 30 SS-N
119.625 -2.14 20.0 0.47966 4.09058 -4.57024 3.27525 -6.02972 -2.84978 24.0 X Y 31 SS-R
119.729 -1.989 45.0 -0.0129858 0.554911 -0.541925 0.0301333 -0.134847 1.04525 26.0 X Y 32 SS
119.38 -1.32 43.9 -0.108813 4.45703 -4.34822 0.263987 -1.13226 8.9026 25.0 X Y 33 SS
125.64 -2.3 13.6 0.625938 -0.847906 0.221968 1.97076 0.71094 0.206257 24.0 X Y 34 R
125.596 4.054 31.7 2.46474 0.0718271 -2.53657 -0.434296 -1.49838 0.136766 24.0 X Y 35 R
125.428 3.724 19.9 7.76827 0.0362764 -7.80455 -1.91251 -4.88828 -0.971023 23.0 X Y 36 R
124.88 3.63 34.4 6.53619 0.0305228 -6.56671 -1.60918 -4.11297 -0.817014 23.0 X Y 37 R
125.3 -2.033 30.0 -0.558921 -5.66698 6.2259 -2.49751 0.25091 7.02183 24.0 X Y 38 SS
125.21 1.51 29.6 0.677776 -4.9373 4.25952 -1.23257 2.52714 1.49238 23.0 X Y 39 SS-R
122.141 -0.297 20.0 0.0392254 0.3291 -0.368325 0.149731 -0.363646 -2.3403 24.0 X Y 40 SS
123.266 -3.759 19.9 3.5295 1.1242 -4.6537 -3.22982 4.17746 0.36982 24.0 X Y 41 R
121.18 -7.94 30.4 6.56059 -5.17211 -1.38848 0.650368 -5.29682 -5.97166 25.0 X Y 42 R-SS
126.311 -2.946 25.0 2.42184 -5.79877 3.37693 0.229238 2.95591 1.43892 23.0 X Y 43 SS-R
126.03 -2.36 34.6 2.26019 -5.41173 3.15153 0.213937 2.75862 1.34287 23.0 X Y 44 SS-R
125.162 -2.134 22.1 -1.79021 -1.45748 3.24769 -2.00153 2.10395 4.46506 23.0 X Y 45 SS-N
121.154 -7.909 25.0 0.115613 0.197747 -0.313361 0.482309 -0.342945 -2.98446 24.0 X Y 46 SS
122.68 -0.47 33.0 -2.26499 4.62764 -2.36265 -2.78387 2.71727 0.652413 23.0 X Y 47 N-SS
123.77 1.92 38.1 1.66815 -1.81139 0.143242 -1.24419 0.490973 -0.424999 24.0 X Y 48 R-SS
123.97 2.12 33.0 0.526203 -0.539022 0.0128194 -0.971267 0.0821888 -0.158151 24.0 X Y 49 R
119.57 -2.84 15.0 -1.93189 0.604046 1.32784 1.15931 -4.30323 6.34853 23.0 X Y 50 SS-N
124.014 1.038 30.9 5.58008 -0.397731 -5.18235 -1.61688 -0.518979 2.27898 24.0 X Y 51 R
124.043 1.089 30.7 0.986161 -0.0733437 -0.912817 0.256443 -0.139555 0.325078 24.0 X Y 52 R
124.023 1.141 34.8 1.52231 -0.429007 -1.0933 -0.0132064 -0.246847 0.69952 25.0 X Y 53 R
126.516 -7.469 25.0 7.65203 -8.19859 0.546567 -3.67646 2.16235 -0.237323 25.0 X Y 54 R
122.4 -7.61 43.7 -0.0266398 -2.93808 2.96472 -0.771837 0.0823234 -5.5224 24.0 X Y 55 SS
126.81 -3.42 33.0 -0.054095 5.01724 -4.96315 -0.563332 0.574463 2.46397 23.0 X Y 56 SS
124.081 1.055 33.6 0.949512 -0.368247 -0.581265 0.0617732 0.293526 0.51926 25.0 X Y 57 R
124.186 1.109 30.0 4.31041 -4.26014 -0.0502657 -1.08828 -0.23082 0.591196 24.0 X Y 58 R
124.117 1.024 32.2 1.03919 -1.04087 0.0016748 0.17464 -0.0812309 0.0570811 25.0 X Y 59 R
124.04 1.1 17.8 6.2016 -5.84205 -0.359541 0.757563 -0.72286 1.53458 24.0 X Y 60 R
119.5 -1.6 31.0 0.402822 3.34117 -3.744 1.16018 -1.39149 -3.9584 23.0 X Y 61 SS
126.65 -3.22 15.0 -0.35255 -3.75907 4.11162 -1.3979 3.5894 5.71643 23.0 X Y 62 SS-N
126.732 -3.088 17.3 -0.404781 -4.31599 4.72077 -1.60501 4.12119 6.56334 23.0 X Y 63 SS-N
120.1 -4.4 25.0 2.23293 -0.321735 -1.91119 0.0347061 0.154894 -0.784607 24.0 X Y 64 R
120.72 -4.06 43.5 1.11911 -0.161249 -0.957865 0.0173943 0.0776309 -0.393235 24.0 X Y 65 R
124.3 -1.0 34.0 1.72346 -1.68586 -0.0375976 6.03326 -0.0737875 0.705805 24.0 X Y 66 R
122.43 2.11 47.9 7.30113 -7.42082 0.119684 -2.81981 -0.969827 0.0956655 23.0 X Y 67 R
122.7 0.5 46.0 -0.557936 0.508021 0.0499149 -0.448008 0.794922 -0.37467 24.0 X Y 68 N
125.0 1.2 36.0 1.12719 -0.0337055 -1.09348 -0.0883203 -3.34398 -0.4069 25.0 X Y 69 R
126.9 -2.56 42.5 -0.164054 -0.95497 1.11902 -0.868604 0.813119 -0.0265138 24.0 X Y 70 SS-N
119.81 -2.97 33.0 0.0407917 0.973951 -1.01474 -0.364405 0.212543 0.301638 24.0 X Y 71 SS
120.8 2.0 39.0 -0.164574 -5.18779 5.35237 -1.42952 0.843648 -1.03606 23.0 X Y 72 SS
120.858 1.965 30.0 -0.0766514 -3.49241 3.56906 -0.920339 0.608513 -0.661481 24.0 X Y 73 SS
121.1 -1.6 50.0 1.16024 6.68198 -7.84222 2.80163 -0.167405 -1.21277 23.0 X Y 74 SS
121.0 -0.25 43.2 1.16024 6.68198 -7.84222 2.80163 -0.167405 -1.21277 23.0 X Y 75 SS
121.3 -2.7 30.0 0.021518 1.46006 -1.48158 0.311906 -0.0663764 1.30985 23.0 X Y 76 SS
121.183 -2.369 35.0 0.095017 6.4472 -6.54222 1.37728 -0.293099 5.78393 23.0 X Y 77 SS
121.93 -1.89 49.0 0.0856646 5.81261 -5.89827 1.24172 -0.264249 5.21463 23.0 X Y 78 SS
125.48 -1.99 33.0 -0.0628584 0.420201 -0.357342 0.00738926 -0.389493 0.976248 24.0 X Y 79 SS
123.61 0.46 33.0 -1.47926 3.20032 -1.72107 0.0221574 2.0873 1.94819 23.0 X Y 80 SS-N
123.473 0.451 47.5 -1.69841 3.67446 -1.97605 0.02544 2.39654 2.23682 23.0 X Y 81 SS-N
122.0 0.6 35.0 -2.14905 0.0285687 2.12048 -0.146924 -0.605729 0.25603 24.0 X Y 82 N
119.3 1.0 33.0 0.270309 -0.653213 0.382904 -0.302361 -0.46619 1.16761 23.0 X Y 83 SS-R
124.734 -2.006 35.2 0.078954 1.23539 -1.31434 -0.434762 -0.735964 0.975038 24.0 X Y 84 SS-R
127.039 -3.913 36.2 8.46597 -8.56196 0.0959956 3.95922 0.902495 0.374995 23.0 X Y 85 R
120.97 1.79 33.0 2.57286 -3.17415 0.601294 -4.45513 1.38074 -1.15757 23.0 X Y 86 R
120.453 0.332 28.5 -3.07866 0.823398 2.25526 0.41995 2.22748 1.54156 24.0 X Y 87 N
120.58 1.75 33.0 5.26337 -5.15459 -0.108776 -5.73337 1.53761 0.847141 23.0 X Y 88 R
119.2 0.8 31.0 0.158864 -1.6777 1.51883 -0.809525 -0.722229 0.480356 23.0 X Y 89 SS-R
117.58 -7.978 28.5 0.611088 -5.4477 4.83661 0.887437 -1.98543 0.414136 23.0 X Y 90 SS-R
124.4 -1.13 35.3 1.95569 3.48393 -5.43963 -2.64432 -0.429488 1.29223 23.0 X Y 91 SS-R
119.7 -3.9 33.0 1.16503 0.062374 -1.2274 0.275177 -0.274359 -0.00659854 25.0 X Y 92 R
124.61 -1.19 34.5 0.0602946 1.7242 -1.78449 -0.394919 -0.013848 1.33239 24.0 X Y 93 SS
124.02 -0.883 49.4 0.0651632 1.85778 -1.92294 -0.423028 -0.0162148 1.4137 24.0 X Y 94 SS
125.56 -2.24 31.5 0.312355 0.305863 -0.618219 0.403683 0.308517 0.84506 24.0 X Y 95 SS-R
120.99 1.8 38.3 -0.139415 -0.119659 0.259075 0.204465 -1.41846 3.70738 23.0 X Y 96 SS
124.06 -6.1 46.0 4.54874 -1.6903 -2.85844 -2.05875 -2.58675 -2.19855 23.0 X Y 97 R
125.4 -2.9 8.0 2.58627 0.0425093 -2.62878 -2.20959 1.6549 1.19473 23.0 X Y 98 R
126.23 -2.761 30.0 5.52935 0.0908832 -5.62024 -4.72402 3.53811 2.5543 23.0 X Y 99 R
122.7 -0.6 34.0 1.00757 -0.71026 -0.297309 -0.809457 -0.621367 1.46141 23.0 X Y 100 R-SS
124.5 4.85 36.8 0.796586 0.155027 -0.951613 -0.42576 0.543329 0.0192845 24.0 X Y 101 R-SS
120.55 0.32 30.3 0.637568 0.0873873 -0.724955 -0.851045 -0.414752 -0.467708 25.0 X Y 102 R-SS
123.154 -3.493 25.0 -3.07784 1.91862 1.15922 0.286166 0.929932 1.5873 24.0 X Y 103 N
124.818 -1.924 25.0 -1.77102 2.05772 -0.286696 -1.21713 1.89496 3.54695 27.0 X Y 104 SS-N
123.713 -1.274 25.0 0.115838 7.84238 -7.95821 -0.972907 0.416195 -5.25895 24.0 X Y 105 SS
126.5 -2.79 15.0 2.7233 -2.76136 0.0380634 -2.4742 -1.04014 2.2864 24.0 X Y 106 R-SS
123.4 -4.5 45.0 -1.64571 3.74263 -2.09692 -1.12229 -2.00465 -0.120062 23.0 X Y 107 SS-N
121.496 -0.381 42.0 -0.842363 0.978324 -0.13596 -0.367026 0.846931 1.2715 24.0 X Y 108 SS-N
124.21 0.97 39.4 0.913096 -0.679804 -0.233292 0.612207 0.116475 -0.442051 24.0 X Y 109 R
122.578 -1.715 25.0 -0.0476678 1.85936 -1.81169 0.0897407 0.354042 0.621457 25.0 X Y 110 SS
122.606 -1.761 24.2 0.471562 1.93887 -2.41043 0.956278 -0.251673 -0.540596 24.0 X Y 111 SS-R
121.1 -0.6 0.0 -4.44985 4.44373 0.00611601 -0.324881 0.143203 0.229341 24.0 X Y 112 N
120.736 -7.931 25.0 4.4595 -4.32541 -0.134093 0.839864 -1.51928 -1.99548 24.0 X Y 113 R
122.83 -7.03 33.0 5.204 -4.58184 -0.622159 1.60837 -0.652609 -2.09262 23.0 X Y 114 R
121.28 -7.7 41.1 2.92642 -2.57656 -0.349866 0.904454 -0.366989 -1.17676 24.0 X Y 115 R
120.76 -0.27 33.0 -5.245 1.80378 3.44123 0.295214 1.83174 2.6225 23.0 X Y 116 N
124.71 4.64 28.0 -1.48436 4.96641 -3.48205 -3.50713 2.27518 5.11104 23.0 X Y 117 SS-N
123.551 -1.12 30.0 0.26334 2.08029 -2.34363 -0.898204 0.618682 -0.177906 27.0 X Y 118 SS-R
123.59 -1.29 18.6 0.24552 1.86981 -2.11533 -0.822833 0.551556 -0.12276 27.0 X Y 119 SS-R
123.1 -1.54 33.0 0.0539682 1.31976 -1.37373 -0.315635 0.113215 0.258673 23.0 X Y 120 SS
123.376 -1.212 30.0 0.168561 4.02604 -4.1946 -0.96786 0.333759 0.810342 24.0 X Y 121 SS
123.409 -1.437 30.0 1.77719 0.828022 -2.60521 -1.21444 0.408118 -0.349927 24.0 X Y 122 R-SS
123.197 -4.34 20.0 2.13559 -0.632063 -1.50353 0.0442454 1.72306 -1.3177 25.0 X Y 123 R-SS
123.57 -1.41 21.0 -0.0890745 3.29756 -3.20849 -0.954642 1.00783 0.27212 22.0 X Y 124 SS-N
118.31 1.3 21.0 2.3871 -2.47279 0.085698 -4.33313 0.527112 -0.393482 22.0 X Y 125 R
118.392 1.065 17.8 0.781394 -0.809446 0.0280525 -1.41841 0.172545 -0.128803 24.0 X Y 126 R
121.53 0.29 33.0 -0.589657 -0.323028 0.912685 -0.994667 -0.343025 -1.80619 24.0 X Y 127 SS-N
123.312 -1.373 15.0 0.359831 1.83665 -2.19648 -0.891202 -0.558303 0.317364 24.0 X Y 128 SS-R
123.344 -5.809 15.0 4.20874 -4.11768 -0.0910604 5.74011 0.788796 -0.613555 23.0 X Y 129 R
122.84 -5.3 33.0 2.33966 -2.28904 -0.0506208 3.19095 0.438495 -0.341078 23.0 X Y 130 R
124.0 -1.62 33.0 0.03425 2.15274 -2.18699 0.42101 -0.284585 0.210842 24.0 X Y 131 SS
121.12 -1.09 33.0 3.49436 -0.635184 -2.85917 -0.125395 0.503816 -1.38754 22.0 X Y 132 R
122.16 0.28 33.0 7.43145 1.28024 -8.71169 -4.67322 -0.740165 -3.35167 22.0 X Y 133 R-SS
125.16 -7.24 28.1 0.907157 -0.574401 -0.332755 0.318089 -0.542578 0.481202 24.0 X Y 134 R
122.53 -5.35 33.0 2.03087 -1.28592 -0.744947 0.712113 -1.21468 1.07728 22.0 X Y 135 R
124.15 -5.29 33.0 -0.838615 -2.96365e-16 0.838615 -1.34384 -0.088142 1.21 23.0 X Y 136 N-SS
125.61 -1.17 33.0 1.24815 -0.556355 -0.691797 0.628701 0.747094 -0.620864 24.0 X Y 137 R
123.39 -3.9 33.0 0.918158 0.0882472 -1.0064 -0.371769 3.80912 -0.519134 23.0 X Y 138 R
123.28 -4.258 20.0 0.73186 0.0677191 -0.799579 -0.307448 2.91964 -0.35204 24.0 X Y 139 R
123.82 -3.9 16.0 0.729319 0.0700972 -0.799416 -0.295306 3.02569 -0.412363 24.0 X Y 140 R
120.637 -7.426 25.0 1.2347 -0.191735 -1.04296 -0.665874 -0.692287 -0.514524 24.0 X Y 141 R
121.22 -7.32 39.0 1.2347 -0.191735 -1.04296 -0.665874 -0.692287 -0.514524 24.0 X Y 142 R
125.34 1.39 15.0 -0.155731 -1.42659 1.58232 5.02859 5.95767 -0.183257 23.0 X Y 143 N
123.951 -4.1 15.0 0.0589717 -0.122851 0.0638795 0.417307 0.135333 1.82876 27.0 X Y 144 SS
124.11 -4.31 18.8 0.0484648 -0.10752 0.0590548 0.35197 0.111719 1.53845 27.0 X Y 145 SS
124.26 -5.2 34.1 -0.0917855 0.184194 -0.0924089 -0.331031 0.155776 1.04863 24.0 X Y 146 SS
124.33 -3.86 15.0 0.247781 0.0189662 -0.266747 0.128642 1.1187 1.08508 24.0 X Y 147 SS-R
124.044 -4.964 30.0 0.515875 0.809306 -1.32518 1.1183 0.668402 3.33008 24.0 X Y 148 SS
119.0 -1.0 33.0 0.815136 0.995679 -1.81082 2.48999 0.293105 -2.66374 23.0 X Y 149 SS-R
126.08 -2.07 21.0 -0.333729 0.211471 0.122258 -0.252356 1.44973 -0.510838 24.0 X Y 150 N
120.07 -3.66 33.0 -0.74718 0.991348 -0.244168 -0.643495 -6.06653 3.47873 22.0 X Y 151 N
122.5 -0.7 21.0 0.0770598 0.961681 -1.03874 -0.409298 0.276024 0.101662 24.0 X Y 152 SS-R
119.41 -1.11 35.0 -0.351429 0.0599926 0.291437 -0.0899783 -1.09061 -0.831699 23.0 X Y 153 N-SS
123.295 -4.174 15.0 0.826838 0.202318 -1.02916 -0.429722 1.27929 -0.413419 24.0 X Y 154 R
122.52 -3.89 33.0 0.97145 0.237703 -1.20915 -0.50488 1.50303 -0.485725 23.0 X Y 155 R
125.08 -1.28 32.0 0.92476 -0.0786294 -0.84613 0.14803 1.74152 -0.370975 23.0 X Y 156 R
125.533 3.461 35.0 1.37307 -0.0175079 -1.35556 0.464306 -0.549828 -0.710317 24.0 X Y 157 R-SS
125.42 3.71 48.0 1.28142 -0.0163393 -1.26508 0.433315 -0.513129 -0.662906 24.0 X Y 158 R-SS
119.39 -0.92 21.0 1.93129 -0.323305 -1.60798 -2.78414 -1.88935 -1.14797 23.0 X Y 159 R
124.27 1.16 33.0 -0.482667 -2.59088 3.07355 3.43243 -1.09187 -3.23308 23.0 X Y 160 SS-N
124.23 0.71 24.6 -0.482667 -2.59088 3.07355 3.43243 -1.09187 -3.23308 23.0 X Y 161 SS-N
121.361 -1.314 20.0 1.9682 0.0672406 -2.03544 -0.68233 -0.1727 -0.52935 25.0 X Y 162 R
121.3 -1.26 15.0 2.271 0.069457 -2.34045 -0.767007 -0.199219 -0.60133 25.0 X Y 163 R
123.2 -1.16 34.0 1.02427 1.74101 -2.76528 -1.33539 0.329137 -0.433768 23.0 X Y 164 SS-R
121.03 1.51 41.8 1.15236 -1.01357 -0.138789 -1.87928 0.294688 0.45396 24.0 X Y 165 R
123.97 -0.81 41.4 -0.25972 0.0717072 0.188013 -0.442525 -1.53664 -5.38625 23.0 X Y 166 SS
124.95 -1.61 26.2 0.21203 1.14997 -1.362 -0.752733 -0.573782 -0.0694611 24.0 X Y 167 SS-R
123.98 -1.64 30.0 0.21203 1.14997 -1.362 -0.752733 -0.573782 -0.0694611 24.0 X Y 168 SS-R
121.27 -2.88 33.0 -2.84806 2.80527 0.0427823 -2.77289 0.148772 -0.382693 23.0 X Y 169 N
121.94 -7.86 15.0 2.61152 -1.67528 -0.936238 5.23013 -5.36441 1.30882 23.0 X Y 170 R
125.96 -3.54 35.0 0.0658158 -2.28036 2.21454 -0.425437 0.918281 1.36556 23.0 X Y 171 SS
123.08 0.67 9.4 0.83151 -0.895213 0.0637029 -0.831524 -0.329256 0.668569 23.0 X Y 172 R-SS
125.5 -2.44 43.0 4.7733 -1.26981 -3.50348 2.28499 -0.0822465 2.83888 23.0 X Y 173 R
125.081 -2.074 15.0 2.49975 -0.689664 -1.81008 1.21162 -0.0506005 1.49622 24.0 X Y 174 R
123.2 -7.63 33.0 1.2085 -2.27912 1.07062 1.46218 -1.34294 -0.318247 23.0 X Y 175 R-SS
124.9 -6.69 33.0 -0.311991 -0.260688 0.572679 -0.823016 -0.294047 0.498475 24.0 X Y 176 N-SS
124.65 0.81 33.0 0.128275 -3.82316 3.69488 -0.799136 1.03133 -0.0641375 23.0 X Y 177 SS
122.5 -5.9 33.0 1.96375 -0.529701 -1.43405 -0.219327 -0.273201 -0.87271 23.0 X Y 178 R
122.7 -5.06 17.9 1.96375 -0.529701 -1.43405 -0.219327 -0.273201 -0.87271 23.0 X Y 179 R
120.43 4.8 25.0 3.91294 -1.43541 -2.47753 0.0958617 -0.653687 1.91248 23.0 X Y 180 R
120.02 -2.88 33.0 3.48741 -1.27931 -2.20811 0.0854369 -0.582599 1.7045 22.0 X Y 181 R
125.87 -2.8 20.0 -1.09326 1.07948 0.0137812 -0.00622862 -0.178364 -0.216169 24.0 X Y 182 N
126.101 -3.389 10.0 -1.21262 1.19733 0.0152858 -0.00690863 -0.197837 -0.23977 24.0 X Y 183 N
124.8 -6.6 33.0 -0.2327 3.88196 -3.64926 0.49907 -1.09997 -0.411728 23.0 X Y 184 SS
126.596 -2.006 15.0 -5.38862 5.38862 4.72089e-16 -1.14539 3.12164 3.8549 23.0 X Y 185 N-SS
122.3 -5.9 33.0 2.39231 0.0551711 -2.44749 0.939303 -0.37103 -1.03205 26.0 X Y 186 R-SS
122.174 -5.652 11.6 4.88448 0.076574 -4.96105 1.95607 -0.65243 -2.15016 25.0 X Y 187 R-SS
122.41 -5.62 20.2 2.70755 -0.250542 -2.45701 -0.17849 0.759655 0.786822 23.0 X Y 188 R
126.5 -2.8 18.7 3.06414 -0.549109 -2.51503 -0.230636 -0.739915 -1.17958 24.0 X Y 189 R
125.9 -2.8 33.0 -0.888397 1.12242 -0.234022 0.167674 -0.77227 -0.564647 23.0 X Y 190 N-SS
123.7 -5.4 30.0 -3.57165 3.79774 -0.226094 -3.71053 1.02482 1.78583 23.0 X Y 191 N-SS
123.733 -7.862 15.0 0.735975 -2.44989 1.71391 -0.0947958 -2.7146 -4.17055 23.0 X Y 192 SS-R
117.898 1.57 15.0 1.53571 -1.19601 -0.339701 -0.364278 0.134841 0.639447 24.0 X Y 193 R
124.05 -0.64 13.9 -0.326048 -1.04885 1.3749 -3.12348 0.901077 -1.93196 23.0 X Y 194 N-SS
123.108 -5.17 15.0 1.14676 1.2707 -2.41746 -1.68628 1.15442 0.382718 24.0 X Y 195 R-SS
126.79 -4.71 15.0 -0.0212261 -1.72403 1.74525 0.271169 -0.158451 -0.23307 25.0 X Y 196 SS
126.865 -4.672 16.0 4.85753 -5.14427 0.286734 3.1559 -1.18218 -0.851813 24.0 X Y 197 R
126.21 -2.87 10.0 1.52178 -0.441339 -1.08044 -0.0278841 0.398854 0.716281 24.0 X Y 198 R
126.21 -2.86 21.0 3.41037 -0.273238 -3.13713 -1.4797 -0.0099098 1.69879 23.0 X Y 199 R
121.637 -4.045 15.0 -7.20645 4.65938 2.54706 -0.537992 -1.82707 -3.89764 23.0 X Y 200 N
119.287 -3.738 31.8 4.76125 -0.0612799 -4.69997 -1.13413 0.438555 -1.35789 23.0 X Y 201 R
126.18 -3.7 25.1 0.0948986 -2.79031 2.69541 0.561846 0.54459 4.84567 23.0 X Y 202 SS
123.54 -3.56 0.6 -1.39178 1.42604 -0.0342612 0.654564 0.299599 0.0880453 24.0 X Y 203 N
123.308 -3.615 15.0 -4.60863 4.72208 -0.11345 2.16747 0.992064 0.291545 23.0 X Y 204 N
119.43 -1.35 33.0 3.86978 -0.704486 -3.16529 -1.86624 -4.61742 -1.50398 24.0 X Y 205 R
119.546 -1.444 16.1 4.54659 -0.827699 -3.71889 -2.19264 -5.425 -1.76702 23.0 X Y 206 R
125.82 -0.9 32.4 3.75503 -4.77298 1.01795 2.76999 -1.98072 -1.03334 23.0 X Y 207 R-SS
122.49 -7.55 20.9 0.0811219 -5.48853 5.4074 -0.27199 -0.785421 -1.11653 23.0 X Y 208 SS
123.46 2.54 33.0 3.4706 -3.31597 -0.154629 -0.203818 0.480164 -0.885914 25.0 X Y 209 R
122.721 -5.882 15.0 1.35674 -0.697538 -0.659197 0.349679 -0.338213 -0.852437 24.0 X Y 210 R
118.03 -3.536 40.0 4.4604 -3.45655 -1.00384 -1.60455 1.95481 -3.44274 24.0 X Y 211 R-SS
121.8 -7.98 21.2 0.129978 -2.0678 1.93782 0.114889 -0.814213 -3.33899 23.0 X Y 212 SS
118.28 4.66 12.0 0.189499 3.78201 -3.97151 0.850068 0.130774 0.230187 23.0 X Y 213 SS
122.66 -0.62 40.0 -1.74586 0.556988 1.18887 2.62166 1.40758 -5.34514 24.0 X Y 214 SS-N
120.64 0.2 33.0 3.81573 1.34978 -5.16551 -2.30087 -4.38189 2.02278 25.0 X Y 215 R-SS
122.0 -1.48 10.0 0.815617 -0.861505 0.0458887 -0.690789 -0.194971 0.197377 24.0 X Y 216 R
126.64 -2.91 15.0 3.64407e-16 -7.3271 7.3271 1.24155 0.869341 2.66685 23.0 X Y 217 SS
122.14 2.14 29.6 4.054 -5.55668 1.50268 4.27811 -4.34738 1.05306 23.0 X Y 218 R
126.415 -4.073 18.4 0.148811 -3.25845 3.10964 0.925914 0.690834 5.23595 23.0 X Y 219 SS
124.4 4.65 27.3 0.143938 6.91036 -7.05429 1.05777 -0.154443 -3.63106 23.0 X Y 220 SS
129.98 2.44 22.5 1.15277 0.235976 -1.38874 0.537453 -0.609141 -0.442035 24.0 X Y 221 R-SS
123.228 -3.557 15.0 -4.92607 4.7538 0.172268 0.585857 1.44168 1.52149 24.0 X Y 222 N
123.242 -3.62 15.0 -1.23514 1.08177 0.153365 -0.275601 0.538636 0.786436 24.0 X Y 223 N-SS
123.262 -3.572 15.0 -2.09816 1.88414 0.214015 0.488334 0.189943 0.635433 24.0 X Y 224 N
125.93 -7.34 10.0 0.403747 -3.0629 2.65915 0.52666 1.0776 0.503691 24.0 X Y 225 SS-R
126.05 -7.38 20.3 0.35984 -2.72981 2.36997 0.469386 0.96041 0.448915 23.0 X Y 226 SS-R
118.877 -7.998 17.6 2.56676 -2.55349 -0.0132746 -2.64377 -0.452623 -0.234652 23.0 X Y 227 R
122.41 -0.8 10.0 -5.44928 5.19257 0.256713 2.33001 1.10092 -2.19273 24.0 X Y 228 N
119.397 -1.478 15.0 0.0 0.512913 -0.512913 -0.549184 -0.116733 -1.15202 24.0 X Y 229 SS-R
123.749 -1.202 28.5 1.84925 3.87931 -5.72856 -2.77333 0.700361 0.244824 23.0 X Y 230 SS-R
123.66 -1.27 10.0 0.711207 1.49195 -2.20316 -1.0666 0.269353 0.0941575 24.0 X Y 231 SS-R
123.68 -1.19 28.5 1.78647 3.74761 -5.53408 -2.67918 0.676584 0.236513 23.0 X Y 232 SS-R
124.68 -0.98 10.0 2.91016 -0.175783 -2.73437 -0.0807049 1.21574 0.726016 24.0 X Y 233 R
124.84 -0.88 36.2 5.17507 -0.312592 -4.86248 -0.143516 2.16193 1.29106 23.0 X Y 234 R
126.494 -7.613 20.0 0.462187 -2.67942 2.21723 0.218722 -1.38545 -2.97667 23.0 X Y 235 SS
125.5 1.54 30.0 3.78392 -0.406383 -3.37753 0.894446 -0.0235393 -1.45013 23.0 X Y 236 R
126.56 -4.76 19.0 0.130375 -1.18999 1.05962 0.109101 0.985537 3.68616 23.0 X Y 237 SS
122.05 -5.93 11.0 1.56806 -0.367536 -1.20053 0.00824809 -2.10261 -1.22664 23.0 X Y 238 R
117.58 -5.96 16.6 -0.144451 -1.09864 1.24309 -0.439046 0.128721 0.957065 24.0 X Y 239 SS
121.487 -2.446 20.0 0.0545603 0.926218 -0.980778 0.244018 0.464995 1.17611 25.0 X Y 240 SS
122.857 -4.451 15.0 -0.322992 1.75381 -1.43082 0.677796 0.772809 -0.469157 25.0 X Y 241 SS-N
121.732 -4.074 12.3 -2.12298 1.49818 0.624801 0.191437 0.220223 -1.01055 24.0 X Y 242 N
121.721 -4.083 15.0 -7.94225 4.47053 3.47172 1.18581 0.926453 -4.21721 23.0 X Y 243 N
125.155 -2.111 15.0 5.81762 -1.83357 -3.98406 1.81442 -0.971066 2.85126 23.0 X Y 244 R
120.39 0.14 41.0 3.88558 1.72778 -5.61336 -2.62281 -5.35962 4.36255 24.0 X Y 245 R-SS
124.34 -6.33 10.0 -0.0383639 -1.86131 1.89967 -0.302746 0.0545836 -0.590839 23.0 X Y 246 SS
121.0 1.84 10.0 0.13475 -0.965909 0.831158 -1.48693 0.377391 -2.18379 23.0 X Y 247 SS-R
118.26 4.66 13.9 -0.533632 1.44271 -0.909073 0.278838 1.15511 0.986278 23.0 X Y 248 SS-N
123.77 -7.97 12.0 6.1539 -6.30077 0.146871 -3.988 -2.62062 -1.23612 23.0 X Y 249 R
117.55 -7.96 20.7 2.78368 -2.79912 0.015438 -0.0594862 0.30603 -0.232336 23.0 X Y 250 R
125.8 -5.19 19.0 -0.025632 -1.54052 1.56615 -0.224296 -0.131211 -0.176148 24.0 X Y 251 SS
117.74 3.0 23.3 0.0283226 1.9193 -1.94762 -0.354626 0.223983 0.25743 23.0 X Y 252 SS
120.95 -1.15 20.2 0.207857 2.42249 -2.63034 0.823782 0.15441 -0.908648 23.0 X Y 253 SS
123.33 -3.28 15.2 -2.57433 0.014903 2.55943 0.0587997 -1.1454 -0.197131 23.0 X Y 254 N
124.1 -4.45 15.6 0.0491576 0.975465 -1.02462 1.95755 -0.526301 1.68297 23.0 X Y 255 SS-R
122.62 -5.61 17.1 1.95383 -0.109412 -1.84442 -0.294741 -0.0965448 -0.518863 23.0 X Y 256 R
126.26 -1.25 18.3 -4.72251 0.196055 4.52646 -1.08853 2.82697 -1.01558 23.0 X Y 257 N
122.858 -4.314 15.0 -0.160227 2.87813 -2.71791 1.39271 1.11717 -0.993368 23.0 X Y 258 SS-N
121.55 2.4 43.5 0.815477 -3.05003 2.23455 0.127682 1.71627 2.32521 23.0 X Y 259 SS-R
120.95 -2.09 19.9 0.110653 1.24484 -1.3555 0.455642 -0.199286 0.219797 23.0 X Y 260 SS
119.761 4.627 18.2 2.65689 0.510167 -3.16706 -1.40478 1.2575 0.270546 24.0 X Y 261 R-SS
119.435 -2.494 17.6 -0.887708 2.08528 -1.19757 1.09272 -1.2978 0.0481881 24.0 X Y 262 N-SS
122.378 -0.59 25.1 -0.427624 0.593031 -0.165407 -0.421311 1.23871 -0.637157 25.0 X Y 263 N
121.02 -1.12 18.1 0.331943 1.55113 -1.88307 0.717556 -0.275878 -0.599173 23.0 X Y 264 SS-R
122.25 -0.66 17.6 -0.485171 1.24939 -0.764216 2.72245 0.628527 -2.61763 23.0 X Y 265 SS-N
117.683 3.662 16.0 0.0390985 0.165004 -0.204102 0.116403 0.277355 1.45363 25.0 X Y 266 SS
125.4 -2.95 19.1 2.75679 -0.998459 -1.75833 0.352648 -0.46798 1.325 23.0 X Y 267 R
126.766 -7.932 25.6 3.50486 -3.54372 0.0388588 0.226428 -1.07095 -1.08218 23.0 X Y 268 R
126.76 -7.99 13.3 0.950946 -0.795507 -0.155439 0.0974109 -0.402749 -0.5537 24.0 X Y 269 R-SS
126.28 -2.4 22.9 2.25086 -0.59482 -1.65604 -0.617714 -1.02805 1.55676 23.0 X Y 270 R-SS
126.69 -2.65 17.1 2.55277 -1.27296 -1.2798 -0.688707 -0.467154 1.53729 23.0 X Y 271 R
126.137 -3.623 20.1 -3.77408e-17 -2.0112 2.0112 0.303495 0.0535144 5.52574 24.0 X Y 272 SS
121.899 -7.634 20.9 -0.458466 -1.75043 2.20889 -0.963252 -0.748532 -2.54122 23.0 X Y 273 SS
118.823 -7.871 23.9 0.0630845 -2.37602 2.31293 -0.359333 1.89065 4.73493 23.0 X Y 274 SS
126.735 -2.735 9.9 0.943492 -0.301207 -0.642285 0.27399 -0.76848 0.471746 25.0 X Y 275 R
126.85 -2.65 14.4 2.30728 -0.544613 -1.76266 -0.583463 -1.00911 1.4903 23.0 X Y 276 R-SS
119.65 0.0 15.0 0.188728 0.385908 -0.574636 -0.538062 -0.827973 0.162789 24.0 X Y 277 R
126.646 -5.087 19.0 0.274779 -3.61201 3.33723 0.298531 0.962451 1.41087 24.0 X Y 278 SS
119.54 -2.82 12.0 0.135652 0.260511 -0.396163 0.622311 0.0411593 1.21848 23.0 X Y 279 SS-R
119.48 -2.83 12.0 0.271159 5.24796 -5.51912 2.62244 4.25257 3.01603 23.0 X Y 280 SS-R
125.34 3.469 31.0 3.60209 0.0225262 -3.62461 -0.547009 -3.51193 -0.119934 23.0 X Y 281 R
119.42 -2.86 12.0 -0.841634 0.702792 0.138842 0.502719 0.511311 0.366045 24.0 X Y 282 N
119.52 -2.81 12.0 0.241028 1.00889 -1.24992 1.50594 0.0403987 3.50147 23.0 X Y 283 SS-R
119.436 -2.878 15.9 -1.78281 1.43708 0.345733 0.925099 1.33865 0.914655 24.0 X Y 284 N
119.58 -2.79 12.7 -0.388426 0.167187 0.221238 -0.150344 1.82566 2.11512 23.0 X Y 285 SS-N
119.33 -2.99 15.0 -1.34073 -0.326044 1.66678 -0.714438 3.44087 1.07605 23.0 X Y 286 N
121.47 -2.43 16.7 -0.328486 1.01872 -0.690239 0.207659 0.803805 0.703541 23.0 X Y 287 SS-N
122.56 -1.85 12.0 -0.0420699 1.98762 -1.94555 0.0620845 -0.288608 0.158603 26.0 X Y 288 SS
122.65 -1.63 19.3 2.64841 0.14774 -2.79615 -0.648251 -0.210629 0.226914 23.0 X Y 289 R
125.92 -0.78 19.8 0.565478 -0.564379 -0.00109906 0.96416 -0.0205087 -0.0987616 24.0 X Y 290 R
122.52 -1.81 17.9 -0.340215 1.20077 -0.86056 0.343167 -0.570251 0.959088 24.0 X Y 291 SS-N
119.44 -2.84 15.1 -0.403411 -0.499607 0.903019 1.04832 -0.0331712 1.50569 23.0 X Y 292 SS-N
125.04 -5.69 12.0 0.274578 -2.17422 1.89964 -0.204883 -0.793747 -0.366372 24.0 X Y 293 SS-R
125.29 3.87 24.4 1.88197 -0.00865865 -1.87331 0.082807 -2.07603 -0.317662 23.0 X Y 294 R
126.34 -4.15 23.0 -0.102481 -3.58073 3.68321 0.984631 0.285566 2.38799 24.0 X Y 295 SS
126.21 -3.81 19.0 -0.0517454 -0.864177 0.915922 0.214901 -0.246939 1.26907 24.0 X Y 296 SS
119.27 -1.92 31.1 2.66576 -0.0814839 -2.58427 -0.342119 -0.830655 -0.490471 23.0 X Y 297 R
122.57 -5.87 12.0 0.815864 0.0637477 -0.879612 -0.514634 -0.454206 -0.257034 24.0 X Y 298 R-SS
119.07 -2.22 21.4 1.60942 0.408955 -2.01837 1.06525 0.188252 -0.6527 24.0 X Y 299 R-SS
123.38 -3.4 15.5 0.715238 -0.0872838 -0.627955 -0.305494 1.37689 0.256865 24.0 X Y 300 R
118.85 -2.84 20.7 3.20704 0.20603 -3.41307 -1.69367 -2.38738 -0.629453 24.0 X Y 301 R
118.85 -2.82 18.2 1.7007 0.0375316 -1.73823 -0.252749 -3.05737 0.46928 25.0 X Y 302 R
119.43 -2.86 12.0 -6.37818 5.53579 0.842385 2.03014 3.65523 3.0977 23.0 X Y 303 N
121.97 -7.46 13.5 0.0120558 -0.654327 0.642271 -0.340315 0.1335 -0.839576 27.0 X Y 304 SS
118.72 -7.74 12.0 -2.18896 2.1178 0.0711612 1.02651 -0.761556 1.2918 23.0 X Y 305 N-SS
124.08 -4.47 14.7 0.0 1.42981 -1.42981 -0.0679476 -0.160074 1.38075 23.0 X Y 306 SS
122.9 -3.75 18.6 0.409531 0.161534 -0.571065 0.617982 -0.255055 -1.13505 23.0 X Y 307 SS-R
122.75 -3.75 15.1 1.06156 2.66011 -3.72168 1.9098 -2.23941 -6.58836 23.0 X Y 308 SS-R
120.6 -2.06 16.4 -0.0652388 1.32915 -1.26391 0.143518 0.375158 0.386969 23.0 X Y 309 SS
118.5 -2.7 34.9 0.895522 6.20121 -7.09674 -4.61358 -2.68991 -2.47018 24.0 X Y 310 SS-R
122.45 -7.55 16.5 0.295074 -1.4417 1.14663 -0.0523098 -0.660502 -0.576825 24.0 X Y 311 SS-R
122.44 -7.57 14.8 2.13105 -2.10562 -0.0254369 -0.59721 -0.280471 -0.297858 24.0 X Y 312 R
122.69 -2.35 12.0 -0.0855384 3.64714 -3.5616 0.9686 -0.866981 1.07803 23.0 X Y 313 SS
