126.87   3.787  20.0  12  66  100  6.49  X   Y   0
125.12   -0.073  35.0  34  72  104  5.91  X   Y   1
126.014   0.533  43.7  201  62  68  6.01  X   Y   2
126.72   3.07  20.1  83  18  123  5.5  X   Y   3
126.86   3.72  44.9  134  34  42  5.4  X   Y   4
120.486   -1.909  35.0  33  86  167  6.12  X   Y   5
126.279   1.396  44.4  197  58  85  6.27  X   Y   6
126.63   2.19  34.7  107  12  116  5.5  X   Y   7
120.653   -0.808  35.0  310  65  -140  5.84  X   Y   8
124.08   -0.31  46.1  97  83  -175  5.4  X   Y   9
126.455   1.687  50.0  212  59  60  5.63  X   Y   10
126.7   3.76  39.5  359  24  -36  5.4  X   Y   11
125.289   -0.065  41.8  24  73  85  5.5  X   Y   12
126.514   4.013  35.0  192  70  -86  5.54  X   Y   13
120.308   1.125  36.9  85  83  -41  5.63  X   Y   14
124.88   -0.08  45.1  202  23  90  5.4  X   Y   15
126.009   0.547  43.9  214  60  106  6.12  X   Y   16
126.735   3.866  15.0  177  63  91  5.49  X   Y   17
120.383   0.993  30.5  263  82  90  6.36  X   Y   18
126.918   3.083  37.1  358  75  104  6.97  X   Y   19
125.959   0.668  36.2  182  74  114  6.26  X   Y   20
126.031   0.806  30.0  22  62  124  5.61  X   Y   21
126.249   1.241  45.0  206  53  119  5.66  X   Y   22
126.567   0.576  49.6  279  62  -44  6.04  X   Y   23
125.932   0.707  38.2  295  71  52  6.52  X   Y   24
127.0   3.52  26.6  110  14  41  6.0  X   Y   25
126.042   1.047  35.0  334  63  58  5.64  X   Y   26
126.63   2.605  38.5  3  57  57  5.49  X   Y   27
126.49   4.0  15.0  107  17  57  5.5  X   Y   28
126.695   3.498  39.1  321  76  99  5.5  X   Y   29
123.39   -0.01  36.0  220  36  126  5.7  X   Y   30
123.327   -0.561  35.0  357  61  67  5.74  X   Y   31
126.366   1.515  39.1  35  33  84  5.39  X   Y   32
126.639   1.739  44.0  127  69  37  5.67  X   Y   33
126.771   2.034  24.0  229  81  114  5.46  X   Y   34
125.89   2.22  40.4  339  26  22  5.5  X   Y   35
119.91   0.58  45.0  344  18  6  5.3  X   Y   36
126.605   3.788  34.1  6  46  92  5.83  X   Y   37
120.977   1.159  30.0  278  79  99  6.4  X   Y   38
120.8   1.196  28.3  290  79  104  6.45  X   Y   39
120.798   1.181  27.7  290  74  125  6.45  X   Y   40
126.94   1.99  44.7  356  28  76  5.4  X   Y   41
119.61   0.84  49.0  319  21  -56  5.4  X   Y   42
126.72   2.58  13.8  38  44  131  5.1  X   Y   43
126.337   1.378  35.0  194  72  81  6.33  X   Y   44
126.44   1.25  33.3  46  58  115  5.85  X   Y   45
125.382   0.368  35.0  24  76  83  5.76  X   Y   46
120.24   -2.17  10.6  307  41  -19  5.5  X   Y   47
119.61   -2.036  20.0  312  72  -28  6.39  X   Y   48
119.38   -1.32  43.9  283  84  -3  6.6  X   Y   49
119.729   -1.989  45.0  14  87  -174  6.65  X   Y   50
123.38   -0.17  43.9  348  77  -7  5.5  X   Y   51
126.364   1.714  47.4  216  58  103  6.91  X   Y   52
126.27   1.77  37.8  192  35  120  5.5  X   Y   53
126.55   3.726  30.4  12  47  88  6.16  X   Y   54
126.49   2.045  35.0  229  66  118  5.9  X   Y   55
126.45   1.994  44.8  209  50  89  5.89  X   Y   56
126.514   1.925  29.1  35  80  -94  6.22  X   Y   57
126.509   1.827  30.2  94  84  -80  6.03  X   Y   58
126.572   1.897  20.0  29  79  -89  6.41  X   Y   59
126.933   2.328  36.3  334  61  115  6.42  X   Y   60
126.35   2.2  23.9  342  38  95  5.8  X   Y   61
126.571   2.164  40.6  201  53  111  5.48  X   Y   62
126.68   2.32  17.8  339  43  111  5.5  X   Y   63
125.851   0.619  20.0  188  80  85  5.8  X   Y   64
126.677   3.777  29.0  26  71  123  6.02  X   Y   65
126.741   2.531  35.0  275  85  -18  5.95  X   Y   66
126.192   1.384  44.8  220  53  118  6.38  X   Y   67
126.568   1.729  32.6  230  72  135  6.2  X   Y   68
126.46   1.15  37.3  20  43  55  5.4  X   Y   69
126.199   0.886  36.6  34  51  91  6.2  X   Y   70
126.501   2.184  46.2  215  57  98  6.06  X   Y   71
126.769   3.585  25.0  176  32  90  5.15  X   Y   72
126.521   3.941  28.4  127  21  30  5.32  X   Y   73
126.166   0.591  41.0  354  46  64  5.27  X   Y   74
126.51   2.63  15.0  331  39  87  5.3  X   Y   75
125.93   0.04  20.4  230  24  118  5.8  X   Y   76
125.106   -0.177  43.0  17  62  72  6.06  X   Y   77
125.78   -0.24  18.6  232  33  121  6.1  X   Y   78
124.92   -0.243  40.0  21  71  75  6.26  X   Y   79
125.68   -0.14  15.0  240  24  126  6.3  X   Y   80
125.11   0.032  41.0  34  60  83  5.62  X   Y   81
125.62   0.05  49.3  229  28  106  5.6  X   Y   82
124.955   -0.155  24.6  31  64  82  5.62  X   Y   83
126.721   3.874  27.0  17  54  113  5.65  X   Y   84
126.641   3.875  30.0  3  60  89  5.63  X   Y   85
126.874   3.148  27.1  234  69  -46  5.65  X   Y   86
125.102   -0.292  49.5  10  61  39  5.56  X   Y   87
126.98   4.33  18.1  10  42  82  5.9  X   Y   88
126.475   4.226  35.8  200  48  97  5.92  X   Y   89
126.589   4.236  36.7  200  42  109  5.32  X   Y   90
122.141   -0.297  20.0  176  87  9  5.52  X   Y   91
125.81   2.11  15.0  210  32  2  5.4  X   Y   92
126.8   2.035  44.7  318  75  68  5.88  X   Y   93
126.1   2.66  18.6  34  45  116  5.2  X   Y   94
126.517   1.591  15.0  34  45  116  5.23  X   Y   95
126.737   2.511  30.0  244  65  115  5.62  X   Y   96
126.645   2.518  30.0  231  66  100  5.78  X   Y   97
126.655   2.48  30.0  43  56  121  5.9  X   Y   98
126.732   2.423  15.0  182  88  106  5.54  X   Y   99
126.564   2.438  30.0  23  47  72  5.77  X   Y   100
126.77   2.33  15.0  4  19  54  5.3  X   Y   101
126.95   3.21  36.9  16  39  66  5.4  X   Y   102
126.329   0.484  15.0  345  58  63  5.54  X   Y   103
126.873   2.411  42.2  161  82  84  5.47  X   Y   104
124.924   -0.053  35.0  11  74  77  5.85  X   Y   105
126.181   1.166  34.9  222  46  101  6.03  X   Y   106
126.72   2.46  24.3  232  47  134  5.2  X   Y   107
120.139   1.076  29.0  260  69  114  5.52  X   Y   108
126.43   3.07  33.3  163  22  56  5.4  X   Y   109
126.09   -0.04  33.0  355  17  85  5.4  X   Y   110
126.672   0.053  35.0  355  17  85  5.41  X   Y   111
126.49   2.81  15.0  323  27  69  5.4  X   Y   112
126.788   2.644  35.0  315  80  57  5.61  X   Y   113
126.0   0.96  36.0  222  32  97  5.2  X   Y   114
126.54   1.0  39.4  334  72  4  6.0  X   Y   115
126.052   1.032  45.8  24  59  121  5.98  X   Y   116
126.562   2.099  49.0  206  59  110  5.57  X   Y   117
126.57   4.91  46.7  47  55  140  5.3  X   Y   118
126.42   4.77  48.4  207  33  111  5.7  X   Y   119
126.806   3.635  15.7  195  51  177  5.12  X   Y   120
122.68   -0.47  33.0  229  41  -156  5.1  X   Y   121
120.09   0.964  29.6  16  21  21  5.23  X   Y   122
125.53   0.91  45.6  213  20  102  5.1  X   Y   123
126.92   0.93  15.0  157  68  -14  5.3  X   Y   124
126.107   0.39  36.9  1  53  53  6.21  X   Y   125
126.042   0.579  40.0  355  49  63  6.34  X   Y   126
126.834   2.134  35.0  295  88  85  5.8  X   Y   127
126.58   2.56  39.9  32  36  92  5.3  X   Y   128
126.111   0.606  45.2  223  52  114  5.74  X   Y   129
126.354   1.642  20.0  11  41  -87  5.09  X   Y   130
126.64   2.74  38.5  28  32  102  5.4  X   Y   131
126.678   3.599  15.0  7  25  133  5.3  X   Y   132
126.456   3.517  25.4  350  14  106  5.38  X   Y   133
126.88   2.43  31.4  1  39  52  5.3  X   Y   134
126.96   3.22  19.0  197  6  121  5.9  X   Y   135
125.89   -0.331  48.7  85  78  96  5.5  X   Y   136
125.64   -0.05  45.8  223  23  98  5.5  X   Y   137
125.991   1.104  42.7  43  30  136  5.4  X   Y   138
126.641   2.614  40.0  205  80  81  5.68  X   Y   139
119.5   -1.6  31.0  68  72  173  5.1  X   Y   140
119.699   -1.562  25.0  160  83  19  5.67  X   Y   141
120.08   -1.17  48.4  68  72  173  5.7  X   Y   142
125.7   1.01  15.5  343  13  -126  5.3  X   Y   143
126.43   1.69  43.8  180  28  76  5.2  X   Y   144
124.891   0.098  45.0  28  61  82  5.67  X   Y   145
125.29   -0.13  49.2  224  30  103  5.7  X   Y   146
126.87   2.83  47.4  51  44  82  4.9  X   Y   147
120.356   0.802  37.2  285  56  -18  5.43  X   Y   148
125.71   0.63  16.6  35  11  122  6.7  X   Y   149
125.785   0.62  17.2  183  81  84  6.73  X   Y   150
125.898   0.591  20.0  173  80  79  6.91  X   Y   151
125.81   0.358  25.0  181  64  103  5.88  X   Y   152
125.88   0.359  25.0  209  57  102  5.89  X   Y   153
125.87   1.19  15.0  334  44  -85  5.4  X   Y   154
126.176   0.513  46.7  334  44  -85  5.41  X   Y   155
126.454   1.996  28.7  206  78  -83  5.98  X   Y   156
125.92   2.23  15.0  356  13  -119  6.0  X   Y   157
123.3   -0.7  40.0  266  31  154  5.1  X   Y   158
126.072   0.592  35.0  213  69  132  5.63  X   Y   159
126.1   1.7  38.0  34  36  74  5.2  X   Y   160
126.32   2.44  44.5  34  36  74  5.5  X   Y   161
124.1   -0.4  35.0  180  38  12  5.5  X   Y   162
126.74   2.26  39.0  66  46  115  5.1  X   Y   163
126.505   1.64  40.8  66  46  115  5.11  X   Y   164
126.17   1.38  49.3  330  57  31  5.9  X   Y   165
126.841   2.557  46.3  153  63  83  6.21  X   Y   166
121.1   -1.6  50.0  142  74  16  5.2  X   Y   167
120.2   -1.1  30.0  129  29  -58  5.8  X   Y   168
126.98   3.17  38.3  207  17  136  5.3  X   Y   169
126.722   4.254  43.9  26  54  96  5.69  X   Y   170
126.85   4.22  43.3  196  37  82  5.7  X   Y   171
126.191   0.906  28.4  151  41  54  5.15  X   Y   172
126.0   0.5  43.0  218  48  114  5.4  X   Y   173
126.706   3.598  40.3  14  48  116  6.23  X   Y   174
126.807   3.46  21.6  18  26  139  5.13  X   Y   175
126.862   3.563  23.3  349  59  82  5.63  X   Y   176
119.3   1.0  33.0  165  72  161  4.7  X   Y   177
119.965   0.722  35.0  165  72  161  5.43  X   Y   178
120.2   0.3  21.0  36  6  54  5.5  X   Y   179
119.88   0.66  26.7  53  57  -8  5.5  X   Y   180
125.0   0.08  40.1  202  28  78  5.0  X   Y   181
120.169   0.937  36.7  148  20  124  5.28  X   Y   182
119.621   0.489  30.7  235  86  34  5.61  X   Y   183
120.162   0.945  21.6  257  77  95  5.7  X   Y   184
120.158   1.05  14.9  257  76  94  6.02  X   Y   185
126.501   3.021  45.6  17  69  92  5.88  X   Y   186
126.201   3.04  32.8  206  74  101  5.89  X   Y   187
120.373   1.072  29.9  58  22  66  5.44  X   Y   188
126.1   3.3  33.0  354  24  43  5.2  X   Y   189
126.236   3.077  30.5  221  65  95  5.58  X   Y   190
126.35   3.6  37.6  30  26  80  5.6  X   Y   191
126.5   1.9  33.0  200  36  109  5.5  X   Y   192
126.551   1.579  32.6  357  56  77  6.02  X   Y   193
120.26   0.86  0.0  63  14  71  6.0  X   Y   194
120.35   1.27  21.0  63  14  71  6.5  X   Y   195
120.24   1.036  25.0  262  76  95  6.56  X   Y   196
120.458   1.027  28.4  264  77  96  6.98  X   Y   197
120.561   1.161  28.1  70  25  68  5.38  X   Y   198
120.5   0.9  33.0  70  25  68  5.6  X   Y   199
120.35   1.36  20.0  57  16  71  5.9  X   Y   200
120.219   0.971  28.6  256  75  95  5.93  X   Y   201
120.2   1.0  33.0  57  16  71  6.3  X   Y   202
120.97   1.79  33.0  47  24  38  5.1  X   Y   203
125.078   -0.108  47.4  31  65  79  6.0  X   Y   204
124.995   -0.184  41.6  270  56  -129  5.67  X   Y   205
125.1   0.3  28.0  145  50  -47  6.4  X   Y   206
120.197   1.008  27.3  40  21  50  5.26  X   Y   207
120.26   1.69  43.4  40  21  50  5.3  X   Y   208
120.453   0.332  28.5  200  63  -102  5.66  X   Y   209
120.109   1.026  29.5  95  21  82  5.17  X   Y   210
120.58   1.75  33.0  95  21  82  5.2  X   Y   211
120.243   1.02  34.3  257  74  97  5.79  X   Y   212
120.32   1.43  18.0  52  17  66  5.8  X   Y   213
126.461   0.902  33.0  59  32  111  5.32  X   Y   214
120.668   1.194  30.0  267  88  93  5.59  X   Y   215
126.312   0.379  40.0  24  49  88  5.74  X   Y   216
119.2   0.8  31.0  142  57  175  4.8  X   Y   217
125.3   -0.2  31.0  235  18  123  5.6  X   Y   218
126.9   4.17  40.9  213  40  106  5.1  X   Y   219
126.352   3.976  40.9  213  40  106  5.13  X   Y   220
126.3   0.4  35.0  187  34  41  4.6  X   Y   221
126.53   0.54  29.8  187  34  41  5.3  X   Y   222
126.364   4.02  29.8  278  18  -128  5.31  X   Y   223
125.31   -0.02  37.3  208  19  80  5.3  X   Y   224
125.411   0.398  50.0  29  73  82  5.75  X   Y   225
120.33   -1.95  42.1  287  46  -59  5.4  X   Y   226
121.7   -0.9  36.0  322  86  2  5.2  X   Y   227
126.5   2.5  33.0  23  35  89  4.9  X   Y   228
126.529   2.195  41.5  205  55  91  6.02  X   Y   229
126.2   2.4  33.0  294  62  169  5.1  X   Y   230
124.02   -0.883  49.4  297  85  9  5.52  X   Y   231
126.5   2.8  33.0  32  26  122  5.6  X   Y   232
126.56   2.42  47.9  81  18  44  5.4  X   Y   233
126.97   3.9  27.7  251  69  166  5.1  X   Y   234
119.563   0.268  30.0  207  72  28  6.61  X   Y   235
126.13   1.67  34.8  244  21  105  5.3  X   Y   236
120.99   1.8  38.3  268  69  -3  5.0  X   Y   237
126.45   1.69  37.3  215  19  100  5.2  X   Y   238
122.7   -0.6  34.0  166  56  147  4.8  X   Y   239
125.019   -0.086  50.0  34  63  78  6.11  X   Y   240
126.3   3.94  15.0  307  37  73  5.1  X   Y   241
126.332   3.819  17.5  313  30  74  6.12  X   Y   242
120.1   -0.8  28.0  355  31  35  5.5  X   Y   243
119.8   -0.3  33.0  359  34  41  6.0  X   Y   244
125.848   0.902  35.0  148  84  13  6.49  X   Y   245
125.8   0.4  10.0  48  69  -165  5.0  X   Y   246
126.113   0.797  41.8  327  54  16  5.01  X   Y   247
126.51   2.51  33.6  59  25  90  5.5  X   Y   248
126.472   1.696  43.4  239  65  90  5.51  X   Y   249
126.174   1.331  35.3  201  37  77  6.55  X   Y   250
126.6   3.0  0.0  78  28  168  5.1  X   Y   251
125.9   0.4  0.0  183  65  22  5.1  X   Y   252
126.72   1.58  25.1  78  28  168  5.2  X   Y   253
126.153   1.184  30.0  126  87  88  5.56  X   Y   254
126.106   1.241  39.2  165  66  47  6.13  X   Y   255
126.081   1.221  21.7  190  37  67  5.17  X   Y   256
126.91   4.4  44.0  185  29  67  5.3  X   Y   257
126.68   2.94  47.2  31  27  89  5.4  X   Y   258
119.568   0.295  36.8  15  87  -16  5.47  X   Y   259
126.84   3.33  48.4  177  28  74  5.4  X   Y   260
120.0   1.2  16.0  49  19  56  5.0  X   Y   261
123.1   -0.5  45.0  226  29  67  5.4  X   Y   262
121.496   -0.381  42.0  93  58  -31  5.44  X   Y   263
126.61   4.09  24.6  149  19  28  5.3  X   Y   264
126.49   4.09  17.2  298  23  45  5.5  X   Y   265
126.52   2.44  36.1  259  34  82  5.0  X   Y   266
126.49   2.73  31.3  22  39  -1  5.2  X   Y   267
126.96   2.97  41.8  76  51  152  5.2  X   Y   268
126.2   0.3  28.0  248  55  135  5.0  X   Y   269
125.46   0.31  41.3  231  29  141  5.1  X   Y   270
125.997   0.632  40.0  189  53  85  5.97  X   Y   271
121.1   -0.6  0.0  265  43  -93  5.7  X   Y   272
126.0   0.3  35.0  87  8  -169  4.8  X   Y   273
126.165   0.551  25.0  18  77  -93  5.66  X   Y   274
126.76   -0.28  12.0  23  30  104  5.1  X   Y   275
126.38   1.52  37.2  23  30  104  5.4  X   Y   276
126.212   1.359  37.2  23  30  104  5.43  X   Y   277
126.248   0.955  23.4  21  42  90  5.45  X   Y   278
120.84   1.219  30.0  45  37  -76  5.31  X   Y   279
120.165   1.033  15.0  262  76  97  5.52  X   Y   280
126.53   0.02  33.0  295  22  3  5.8  X   Y   281
126.33   1.16  33.0  193  28  68  4.4  X   Y   282
126.38   1.454  32.7  193  28  68  5.09  X   Y   283
121.45   -0.99  33.0  124  8  -49  5.1  X   Y   284
121.88   -1.01  33.0  124  8  -49  5.4  X   Y   285
119.95   -0.49  20.0  108  54  -150  4.5  X   Y   286
120.25   -0.62  27.2  108  54  -150  5.4  X   Y   287
126.22   1.85  33.0  4  28  31  4.9  X   Y   288
125.76   0.83  33.0  165  20  66  4.7  X   Y   289
126.52   2.835  38.1  10  71  98  5.48  X   Y   290
126.48   0.63  33.0  197  42  78  4.5  X   Y   291
126.218   1.574  35.0  65  59  127  5.75  X   Y   292
126.444   1.645  30.0  50  55  131  6.18  X   Y   293
121.12   -1.09  33.0  211  42  98  4.3  X   Y   294
126.308   1.325  38.5  211  42  98  5.4  X   Y   295
126.37   1.45  28.2  225  29  90  5.2  X   Y   296
126.272   1.436  15.0  68  30  171  5.32  X   Y   297
121.88   -0.93  15.0  318  47  -35  5.1  X   Y   298
125.17   0.47  33.0  269  28  139  4.8  X   Y   299
126.24   2.56  33.0  197  34  67  5.4  X   Y   300
126.328   1.508  35.0  44  60  105  5.67  X   Y   301
126.942   2.78  35.0  28  63  91  5.81  X   Y   302
126.92   2.7  42.2  349  80  -11  5.2  X   Y   303
125.73   0.61  30.0  43  60  157  5.1  X   Y   304
126.461   1.058  25.6  174  49  56  5.01  X   Y   305
126.551   1.086  10.0  175  24  51  5.08  X   Y   306
126.44   1.14  21.0  4  45  77  5.7  X   Y   307
126.358   1.079  30.0  202  46  103  6.07  X   Y   308
126.56   1.34  31.7  4  45  77  6.1  X   Y   309
126.056   1.212  42.7  346  46  41  5.22  X   Y   310
125.848   0.878  15.0  313  11  -177  5.22  X   Y   311
125.1   -0.4  33.0  278  29  113  4.9  X   Y   312
125.884   0.872  25.0  177  72  59  5.95  X   Y   313
126.56   4.121  24.9  357  37  37  5.18  X   Y   314
126.476   1.837  20.0  202  59  75  5.7  X   Y   315
126.549   3.561  31.2  177  27  59  5.34  X   Y   316
126.32   1.33  32.7  35  36  121  5.2  X   Y   317
119.0   -1.0  33.0  170  50  12  5.0  X   Y   318
119.901   -1.161  38.3  170  50  12  5.18  X   Y   319
120.51   -1.34  38.3  170  50  12  5.2  X   Y   320
123.4   -0.2  33.0  233  56  141  4.7  X   Y   321
126.67   3.03  33.0  222  30  -21  4.9  X   Y   322
126.361   3.036  40.0  168  84  -72  5.71  X   Y   323
120.215   -1.776  23.0  221  64  175  5.05  X   Y   324
122.5   -0.7  21.0  221  64  175  5.3  X   Y   325
119.41   -1.11  35.0  100  37  -165  4.7  X   Y   326
119.836   0.692  35.0  100  37  -165  5.13  X   Y   327
125.33   1.1  33.0  228  23  108  5.4  X   Y   328
126.674   3.598  17.6  175  20  79  5.15  X   Y   329
126.847   3.372  37.4  14  34  109  4.97  X   Y   330
126.835   3.427  19.8  180  21  102  5.27  X   Y   331
126.782   3.41  15.0  175  8  90  5.18  X   Y   332
126.911   3.454  28.1  184  11  66  5.19  X   Y   333
126.89   3.98  28.1  184  11  66  5.2  X   Y   334
123.19   -0.598  39.1  36  43  21  5.08  X   Y   335
125.8   0.86  33.0  170  34  24  5.1  X   Y   336
125.92   0.28  31.8  170  34  24  5.1  X   Y   337
125.985   0.898  31.8  170  34  24  5.14  X   Y   338
126.57   2.47  27.3  196  36  44  5.0  X   Y   339
126.472   4.09  28.0  20  43  90  5.09  X   Y   340
126.519   4.1  27.7  16  31  83  5.17  X   Y   341
126.76   3.44  33.0  353  48  50  4.6  X   Y   342
126.534   4.137  37.3  353  48  50  5.2  X   Y   343
126.54   4.18  48.8  9  39  90  5.0  X   Y   344
119.39   -0.92  21.0  9  20  49  5.0  X   Y   345
119.61   -1.545  35.8  9  20  49  5.24  X   Y   346
119.833   0.454  17.0  84  71  -141  5.86  X   Y   347
120.45   -0.95  15.0  271  34  -97  5.3  X   Y   348
120.191   -1.485  15.0  271  34  -97  5.31  X   Y   349
126.052   0.958  41.4  330  39  43  5.33  X   Y   350
126.236   1.026  27.2  265  36  -178  5.28  X   Y   351
123.963   -0.012  24.6  199  50  -5  5.13  X   Y   352
126.13   1.347  47.9  170  25  55  5.04  X   Y   353
121.361   -1.314  20.0  210  52  112  6.16  X   Y   354
121.3   -1.26  15.0  357  43  65  6.2  X   Y   355
126.35   1.739  37.5  221  38  91  5.28  X   Y   356
126.94   2.69  38.0  193  30  58  5.2  X   Y   357
126.372   1.473  30.0  215  75  -95  5.89  X   Y   358
126.46   1.01  34.4  51  39  123  5.5  X   Y   359
126.363   0.875  25.0  191  58  66  5.55  X   Y   360
126.38   0.41  44.0  51  39  123  5.9  X   Y   361
122.018   -0.733  20.1  327  40  -98  5.17  X   Y   362
126.91   3.07  42.3  183  21  77  5.3  X   Y   363
121.95   -0.87  33.0  294  46  -110  5.4  X   Y   364
125.67   -0.04  45.0  246  27  117  5.4  X   Y   365
124.15   -0.17  39.0  176  36  89  5.1  X   Y   366
120.438   1.089  41.8  281  75  83  5.49  X   Y   367
121.03   1.51  41.8  125  17  113  5.5  X   Y   368
123.424   -0.683  41.4  91  74  -175  5.07  X   Y   369
123.97   -0.81  41.4  91  74  -175  5.1  X   Y   370
126.249   0.893  43.1  44  43  113  5.16  X   Y   371
126.3   0.8  21.0  44  43  113  5.8  X   Y   372
126.83   1.36  15.0  127  15  45  5.2  X   Y   373
123.11   -0.41  33.0  171  51  52  5.3  X   Y   374
124.63   -0.17  31.0  96  54  20  5.8  X   Y   375
126.54   0.41  37.0  63  39  165  5.5  X   Y   376
125.29   -0.44  26.0  14  32  99  4.8  X   Y   377
126.41   0.28  42.0  14  32  99  5.4  X   Y   378
126.72   2.57  42.4  61  26  134  5.3  X   Y   379
125.99   0.57  50.0  2  43  70  6.2  X   Y   380
126.963   2.064  30.0  298  84  85  5.8  X   Y   381
126.852   2.003  37.6  111  87  -85  5.6  X   Y   382
126.417   1.586  31.0  1  54  80  6.2  X   Y   383
126.09   1.21  20.0  28  36  107  5.5  X   Y   384
126.35   4.0  25.3  132  86  -3  5.2  X   Y   385
126.648   2.128  35.3  211  54  88  5.48  X   Y   386
124.852   -0.116  25.0  19  73  68  5.56  X   Y   387
126.83   3.66  49.6  97  52  5  4.8  X   Y   388
126.8   2.0  33.0  354  43  44  5.2  X   Y   389
125.94   0.56  35.4  8  35  78  5.1  X   Y   390
126.14   0.59  30.4  227  58  -2  4.9  X   Y   391
123.36   -0.64  33.0  281  47  121  5.5  X   Y   392
126.21   1.41  23.6  273  35  -109  4.8  X   Y   393
126.63   -0.19  20.8  105  41  -53  4.9  X   Y   394
126.721   3.569  27.0  141  18  37  5.27  X   Y   395
125.09   -0.34  41.0  248  36  125  5.1  X   Y   396
120.231   0.946  22.0  272  16  -59  5.13  X   Y   397
120.145   0.959  30.6  44  18  61  5.09  X   Y   398
119.57   -0.96  26.5  351  63  -21  4.9  X   Y   399
121.8   -1.26  42.0  24  35  17  4.7  X   Y   400
125.1   -0.33  30.2  256  39  138  5.1  X   Y   401
126.66   2.39  16.0  204  22  -158  5.2  X   Y   402
125.7   1.8  33.0  147  72  172  4.5  X   Y   403
125.841   1.281  35.0  141  86  93  5.47  X   Y   404
126.718   3.678  14.9  169  37  53  5.22  X   Y   405
120.043   -1.101  15.0  76  52  -151  5.26  X   Y   406
120.013   -1.19  10.0  321  61  -59  6.24  X   Y   407
123.9   -0.2  14.9  150  49  46  5.0  X   Y   408
125.4   -0.6  33.0  351  32  73  4.9  X   Y   409
125.883   0.928  31.8  351  32  73  5.24  X   Y   410
126.429   2.637  25.8  354  54  119  5.83  X   Y   411
126.203   1.131  15.0  358  9  48  5.12  X   Y   412
126.14   0.48  32.7  342  72  14  5.1  X   Y   413
120.62   -1.04  28.1  90  44  -91  4.8  X   Y   414
126.528   2.932  35.0  4  62  83  5.91  X   Y   415
126.71   2.98  45.3  202  32  107  5.3  X   Y   416
126.145   1.046  31.3  254  50  128  5.29  X   Y   417
120.0   1.5  33.0  116  68  -21  4.7  X   Y   418
126.561   2.151  30.0  204  52  88  5.94  X   Y   419
126.72   2.48  38.2  54  44  134  4.9  X   Y   420
126.56   2.97  26.1  51  40  148  5.3  X   Y   421
126.52   2.9  25.4  326  58  -3  5.4  X   Y   422
119.998   -1.227  10.0  320  64  -53  5.88  X   Y   423
126.585   2.742  45.0  167  74  58  5.9  X   Y   424
126.45   2.64  31.4  180  45  106  4.9  X   Y   425
125.131   -0.164  35.0  16  81  68  5.83  X   Y   426
126.68   2.73  29.4  201  35  113  5.0  X   Y   427
125.1   -0.41  30.7  147  32  112  4.9  X   Y   428
126.43   2.94  31.8  339  36  90  5.0  X   Y   429
126.69   2.82  31.4  44  44  140  5.2  X   Y   430
126.85   2.65  36.2  16  73  180  4.8  X   Y   431
126.23   1.74  37.4  342  58  16  5.1  X   Y   432
126.184   0.799  50.0  197  54  91  5.67  X   Y   433
126.67   2.19  30.7  255  38  -125  5.3  X   Y   434
124.6   -0.8  33.0  259  31  140  5.2  X   Y   435
124.732   -0.196  30.0  24  71  65  6.35  X   Y   436
119.94   -0.24  12.0  89  75  -170  5.0  X   Y   437
125.56   1.67  10.0  54  34  135  5.2  X   Y   438
124.05   -0.64  13.9  14  35  -5  5.0  X   Y   439
126.65   3.8  35.0  123  48  45  5.1  X   Y   440
126.405   3.822  40.0  283  68  -42  6.12  X   Y   441
126.41   3.78  45.0  171  8  73  5.4  X   Y   442
124.796   -0.224  35.0  22  72  56  6.29  X   Y   443
125.92   -0.24  31.4  267  38  149  6.3  X   Y   444
126.374   1.536  25.0  179  63  49  5.58  X   Y   445
123.294   -0.372  30.0  163  59  35  6.3  X   Y   446
123.31   -0.448  36.2  178  52  51  5.05  X   Y   447
119.695   0.231  35.0  351  45  -94  5.22  X   Y   448
124.96   -0.17  21.0  246  30  119  5.8  X   Y   449
123.23   -0.41  45.0  21  43  107  5.0  X   Y   450
123.54   -0.49  31.0  168  55  37  5.1  X   Y   451
123.248   -0.397  35.7  168  55  37  5.95  X   Y   452
126.219   1.697  35.6  32  36  103  5.07  X   Y   453
125.09   -0.31  35.0  255  26  86  5.1  X   Y   454
125.178   -0.364  36.0  81  63  110  5.77  X   Y   455
125.12   -0.35  36.0  223  33  56  5.8  X   Y   456
125.06   -0.27  36.0  213  26  54  6.1  X   Y   457
124.83   -0.18  35.0  238  34  82  5.7  X   Y   458
126.74   4.25  28.0  9  43  83  4.9  X   Y   459
126.84   4.29  28.5  217  42  109  4.9  X   Y   460
126.527   4.18  28.5  11  42  87  5.41  X   Y   461
126.44   3.92  12.0  170  25  69  5.3  X   Y   462
126.79   2.34  35.0  9  36  96  5.5  X   Y   463
126.78   2.32  36.0  6  42  101  5.6  X   Y   464
126.67   2.62  35.0  67  49  -60  5.2  X   Y   465
121.87   -0.56  22.2  166  85  -2  4.9  X   Y   466
126.279   0.978  14.0  153  40  -98  5.07  X   Y   467
126.023   1.071  30.9  158  57  33  5.34  X   Y   468
126.33   1.21  33.6  23  33  88  5.4  X   Y   469
126.304   1.009  33.6  23  33  88  5.44  X   Y   470
126.364   1.055  20.0  203  49  81  6.18  X   Y   471
126.287   0.948  24.2  39  45  101  5.18  X   Y   472
126.45   1.138  28.0  49  42  124  5.2  X   Y   473
126.41   0.45  28.3  216  43  106  5.3  X   Y   474
126.211   0.911  37.8  159  44  73  5.44  X   Y   475
126.121   1.226  28.7  212  42  112  5.47  X   Y   476
126.169   1.113  28.1  140  36  72  5.38  X   Y   477
126.001   1.005  15.0  181  77  88  5.6  X   Y   478
126.502   1.301  31.8  200  31  86  4.99  X   Y   479
126.9   1.27  23.6  208  30  102  5.5  X   Y   480
126.592   1.25  23.6  208  30  102  5.52  X   Y   481
126.186   1.233  20.0  188  56  82  5.65  X   Y   482
126.637   1.175  21.3  211  29  113  5.56  X   Y   483
126.364   1.064  20.0  47  55  108  5.85  X   Y   484
126.143   1.384  25.0  358  12  70  5.39  X   Y   485
125.95   1.64  15.0  358  12  70  5.4  X   Y   486
126.18   0.92  18.0  339  38  -63  4.9  X   Y   487
126.328   1.181  39.5  20  43  83  5.4  X   Y   488
126.34   1.3  39.5  20  43  83  5.4  X   Y   489
126.14   0.82  18.6  299  25  -86  4.9  X   Y   490
126.87   3.28  37.8  184  25  79  5.0  X   Y   491
126.802   -0.014  40.0  177  85  92  5.89  X   Y   492
126.9   4.25  28.1  20  41  101  5.1  X   Y   493
126.275   1.185  33.8  348  35  53  5.33  X   Y   494
127.0   4.32  44.0  170  46  52  5.4  X   Y   495
126.984   4.168  18.9  22  49  121  5.15  X   Y   496
126.328   1.209  35.0  12  47  80  6.23  X   Y   497
125.94   0.852  30.4  75  74  -173  5.49  X   Y   498
126.25   0.68  40.0  213  46  116  5.1  X   Y   499
126.361   1.204  31.3  213  46  116  5.29  X   Y   500
124.57   -0.47  50.0  237  40  107  5.2  X   Y   501
126.407   1.561  35.0  99  88  -90  5.59  X   Y   502
126.04   0.92  30.0  17  42  82  5.1  X   Y   503
126.448   1.165  50.0  165  88  33  5.66  X   Y   504
126.421   1.147  37.6  19  42  87  4.96  X   Y   505
127.029   2.444  15.0  10  81  84  5.64  X   Y   506
119.546   -1.444  16.1  28  19  95  5.18  X   Y   507
119.43   -1.35  33.0  28  19  95  5.8  X   Y   508
126.14   1.35  30.0  69  29  124  5.0  X   Y   509
126.366   3.827  26.0  319  73  31  6.28  X   Y   510
125.54   0.41  22.7  333  20  71  5.2  X   Y   511
125.91   0.79  23.8  13  82  4  4.4  X   Y   512
126.18   1.49  28.9  13  82  4  5.1  X   Y   513
126.7   2.07  36.1  210  41  90  5.4  X   Y   514
126.463   1.589  30.9  40  26  113  5.2  X   Y   515
126.7   3.12  35.6  207  44  37  4.9  X   Y   516
125.35   -0.27  42.0  244  33  119  5.5  X   Y   517
124.5   -0.3  45.7  241  34  116  5.1  X   Y   518
125.125   -0.223  38.0  36  65  75  5.96  X   Y   519
126.485   1.632  37.3  341  61  26  4.99  X   Y   520
126.65   1.94  29.1  22  38  129  5.2  X   Y   521
126.304   1.005  41.6  40  41  89  5.25  X   Y   522
126.173   0.848  15.0  165  67  27  5.69  X   Y   523
122.742   -0.52  21.8  177  63  -20  5.27  X   Y   524
122.66   -0.62  40.0  177  63  -20  5.8  X   Y   525
119.63   -0.338  35.0  230  47  125  5.04  X   Y   526
126.731   3.876  28.7  206  39  96  4.99  X   Y   527
123.05   -0.28  32.0  207  44  36  6.4  X   Y   528
126.651   4.18  22.3  243  46  135  5.18  X   Y   529
126.69   4.23  24.5  353  53  44  5.2  X   Y   530
126.8   1.26  29.0  275  58  -35  5.5  X   Y   531
122.0   -1.48  10.0  119  29  121  5.3  X   Y   532
124.55   0.15  10.0  258  50  139  5.6  X   Y   533
126.669   3.647  25.0  21  66  123  5.91  X   Y   534
126.75   3.954  25.0  188  46  104  5.98  X   Y   535
126.702   4.031  33.9  19  52  132  5.13  X   Y   536
126.647   3.993  37.8  140  40  51  5.23  X   Y   537
126.686   4.046  27.6  155  40  71  5.28  X   Y   538
126.602   4.038  43.8  161  36  59  5.31  X   Y   539
126.854   4.061  25.0  2  50  93  5.61  X   Y   540
126.937   3.714  25.0  14  62  103  5.64  X   Y   541
126.559   3.952  25.0  22  75  111  5.66  X   Y   542
126.79   3.956  25.0  346  52  77  5.96  X   Y   543
126.632   3.955  26.0  22  77  115  6.03  X   Y   544
126.615   4.025  27.0  13  63  116  6.25  X   Y   545
126.77   4.1  30.9  35  47  130  5.0  X   Y   546
126.86   4.7  25.7  180  44  103  5.0  X   Y   547
126.765   4.123  26.7  14  43  95  5.02  X   Y   548
126.837   4.087  25.7  180  44  103  5.03  X   Y   549
126.656   3.722  21.6  148  33  30  5.16  X   Y   550
126.906   3.6  37.1  175  25  58  5.32  X   Y   551
126.461   3.813  24.1  270  11  166  5.41  X   Y   552
126.732   3.776  40.0  62  82  151  5.59  X   Y   553
126.811   4.129  28.0  213  37  110  5.01  X   Y   554
126.77   4.1  26.3  163  38  53  5.0  X   Y   555
126.648   3.844  22.6  225  57  146  5.17  X   Y   556
126.703   3.726  30.6  171  45  55  5.18  X   Y   557
126.758   3.918  25.4  342  64  12  5.2  X   Y   558
126.612   3.679  32.0  336  52  59  5.98  X   Y   559
126.658   3.704  22.7  164  47  47  5.34  X   Y   560
126.62   3.71  27.0  346  48  60  5.0  X   Y   561
126.68   3.78  28.0  175  28  86  4.9  X   Y   562
126.78   4.08  21.6  338  45  73  4.9  X   Y   563
126.63   3.92  35.0  194  13  122  5.0  X   Y   564
126.653   3.921  24.1  123  9  52  5.34  X   Y   565
126.712   3.695  26.6  207  45  112  5.34  X   Y   566
119.843   -1.105  20.0  309  50  -87  5.56  X   Y   567
126.45   1.73  36.1  262  70  163  4.9  X   Y   568
126.742   3.655  25.0  158  71  71  5.66  X   Y   569
126.694   3.724  25.0  33  69  129  6.34  X   Y   570
126.654   3.664  23.0  164  46  36  5.5  X   Y   571
126.777   3.906  25.6  335  56  37  5.37  X   Y   572
126.769   4.181  26.1  183  37  109  5.17  X   Y   573
126.753   4.124  35.0  12  51  98  6.08  X   Y   574
126.94   4.48  26.1  263  7  180  5.5  X   Y   575
126.95   4.36  11.0  263  7  180  5.9  X   Y   576
126.802   4.085  29.1  25  44  113  5.07  X   Y   577
126.75   3.87  34.0  25  44  113  5.3  X   Y   578
127.009   4.488  45.0  7  88  87  5.75  X   Y   579
125.11   -0.26  15.0  249  35  116  5.3  X   Y   580
126.158   0.958  37.5  86  51  25  5.28  X   Y   581
126.1   1.12  23.0  16  28  98  5.9  X   Y   582
126.765   3.957  20.0  130  28  23  5.27  X   Y   583
126.99   2.94  45.3  80  28  117  5.5  X   Y   584
120.866   1.165  25.0  262  68  92  5.75  X   Y   585
125.96   2.67  30.0  188  39  83  5.6  X   Y   586
126.31   1.36  30.0  214  39  116  5.2  X   Y   587
120.975   1.18  38.1  87  24  96  5.16  X   Y   588
120.75   1.28  10.0  87  24  96  5.6  X   Y   589
126.521   4.129  28.2  204  36  109  5.04  X   Y   590
126.13   0.47  10.0  9  40  56  5.5  X   Y   591
126.18   0.46  19.0  24  38  70  5.2  X   Y   592
126.383   1.244  32.9  12  37  78  4.98  X   Y   593
126.84   3.96  10.0  352  40  79  5.4  X   Y   594
120.0   -0.5  19.9  73  65  -179  4.8  X   Y   595
126.7   3.07  48.6  192  28  92  5.3  X   Y   596
126.69   2.17  10.0  27  35  108  5.4  X   Y   597
126.259   1.009  39.8  58  53  152  5.41  X   Y   598
125.17   -0.29  37.4  244  32  58  5.0  X   Y   599
125.17   -0.4  44.3  267  28  90  5.1  X   Y   600
125.17   -0.25  10.0  244  32  58  5.4  X   Y   601
125.14   -0.17  15.0  267  28  90  5.4  X   Y   602
125.011   -0.128  30.0  86  80  101  6.12  X   Y   603
126.61   3.82  23.6  127  35  9  5.3  X   Y   604
126.71   3.9  33.9  127  56  5  5.4  X   Y   605
122.41   -0.8  10.0  128  39  -62  5.8  X   Y   606
120.09   -1.25  11.0  336  68  -16  5.1  X   Y   607
126.72   4.19  31.2  176  27  54  4.9  X   Y   608
124.69   -0.31  30.0  227  29  87  5.2  X   Y   609
120.062   1.033  20.0  43  18  63  5.13  X   Y   610
126.66   3.77  35.9  229  24  128  5.0  X   Y   611
119.397   -1.478  15.0  348  66  0  5.36  X   Y   612
126.38   1.26  10.0  198  43  81  6.2  X   Y   613
125.29   -0.2  10.0  236  29  108  5.8  X   Y   614
126.35   2.49  10.0  79  35  133  5.5  X   Y   615
126.18   0.55  10.0  196  44  72  5.1  X   Y   616
125.5   1.54  30.0  190  44  72  5.0  X   Y   617
126.44   1.51  31.2  190  44  72  5.2  X   Y   618
126.42   1.482  31.2  190  44  72  5.23  X   Y   619
119.78   -0.85  23.0  73  74  -178  5.3  X   Y   620
124.93   -0.089  50.0  33  61  77  5.65  X   Y   621
126.715   3.674  15.0  144  17  24  5.26  X   Y   622
126.862   2.032  25.0  226  69  129  5.77  X   Y   623
126.999   3.056  25.0  12  73  77  5.85  X   Y   624
124.59   0.01  10.0  240  39  110  5.1  X   Y   625
123.02   -0.14  35.0  59  40  126  6.1  X   Y   626
125.41   1.0  10.0  80  67  20  5.3  X   Y   627
126.407   1.55  18.2  52  28  -39  5.26  X   Y   628
126.51   2.37  10.0  20  80  173  6.9  X   Y   629
121.77   -0.97  10.0  110  48  -148  5.2  X   Y   630
126.6   3.04  46.1  191  41  73  5.1  X   Y   631
125.35   -0.14  45.0  227  36  90  5.3  X   Y   632
126.35   1.42  10.0  188  42  97  5.2  X   Y   633
126.96   2.2  47.6  78  67  -8  5.0  X   Y   634
121.929   -0.642  17.0  10  51  -28  5.47  X   Y   635
120.39   0.14  41.0  300  42  26  5.9  X   Y   636
119.48   -1.17  10.0  17  21  72  5.6  X   Y   637
119.93   -0.35  12.7  250  62  -161  4.8  X   Y   638
126.81   2.83  47.4  57  32  -97  4.9  X   Y   639
126.52   1.64  30.0  20  43  81  5.0  X   Y   640
126.426   1.182  29.1  7  37  72  5.19  X   Y   641
121.0   1.84  10.0  12  57  3  4.9  X   Y   642
125.377   0.356  45.0  29  63  75  5.72  X   Y   643
126.49   1.63  10.0  19  42  95  5.2  X   Y   644
126.18   2.22  10.0  80  60  -164  5.5  X   Y   645
123.01   -0.23  10.0  198  40  79  5.8  X   Y   646
126.34   1.36  35.0  346  76  11  4.8  X   Y   647
125.56   -0.23  10.0  90  60  28  5.0  X   Y   648
126.48   2.71  34.7  42  31  104  5.1  X   Y   649
126.68   1.72  10.0  342  63  22  5.0  X   Y   650
120.08   -1.21  10.0  339  83  -5  6.2  X   Y   651
126.749   3.565  18.6  189  27  83  5.22  X   Y   652
126.79   2.6  34.2  26  39  91  5.1  X   Y   653
126.23   3.98  45.8  234  52  -162  4.9  X   Y   654
126.6   4.6  19.2  157  38  -58  4.9  X   Y   655
125.96   1.35  13.0  60  48  163  5.1  X   Y   656
123.72   -0.16  10.0  268  27  113  5.0  X   Y   657
125.33   -0.17  16.0  242  29  113  5.5  X   Y   658
125.33   -0.17  10.0  248  33  117  5.2  X   Y   659
125.96   0.83  31.4  352  43  85  4.9  X   Y   660
126.204   0.547  25.0  175  64  55  6.02  X   Y   661
123.863   -0.675  35.0  224  73  -155  6.1  X   Y   662
126.229   0.533  26.0  216  35  81  5.4  X   Y   663
126.6   4.156  25.8  229  42  140  5.0  X   Y   664
126.633   4.139  27.0  188  49  57  5.08  X   Y   665
126.63   1.58  10.0  358  44  58  5.0  X   Y   666
125.77   -0.21  39.7  276  51  161  5.0  X   Y   667
126.337   1.506  30.4  164  53  39  5.34  X   Y   668
126.813   3.6  25.4  346  40  94  5.06  X   Y   669
119.839   0.109  33.6  330  37  37  5.35  X   Y   670
124.993   -0.158  34.8  33  64  68  5.54  X   Y   671
119.8   -0.64  28.2  330  38  -19  4.9  X   Y   672
126.217   1.327  33.7  24  43  105  5.01  X   Y   673
120.95   -1.15  20.2  146  74  8  4.9  X   Y   674
121.39   -1.03  18.3  346  51  53  4.8  X   Y   675
121.617   -0.912  16.5  43  75  169  5.27  X   Y   676
122.72   -0.59  12.5  166  53  -8  4.8  X   Y   677
126.42   2.01  35.3  1  32  69  5.1  X   Y   678
126.701   3.85  25.0  206  7  115  5.27  X   Y   679
121.363   -0.907  15.3  249  30  -134  5.05  X   Y   680
127.046   3.545  16.7  176  30  78  5.12  X   Y   681
126.28   1.362  30.0  225  41  112  5.04  X   Y   682
126.219   1.333  28.6  16  49  67  5.75  X   Y   683
126.427   1.376  28.8  193  43  90  5.0  X   Y   684
120.248   -1.097  24.8  114  28  -79  5.4  X   Y   685
126.11   0.65  33.7  5  39  75  5.4  X   Y   686
126.14   0.35  24.4  20  37  24  5.1  X   Y   687
126.43   0.21  27.8  242  36  128  5.0  X   Y   688
126.26   1.7  25.8  21  33  73  4.9  X   Y   689
126.42   1.58  25.9  350  56  20  4.8  X   Y   690
125.18   -0.3  32.0  264  37  141  5.2  X   Y   691
120.02   -0.17  39.7  147  32  54  4.9  X   Y   692
125.08   -0.31  33.8  252  45  121  5.1  X   Y   693
125.16   -0.42  31.3  250  33  122  5.3  X   Y   694
125.097   -0.21  30.0  28  66  66  5.89  X   Y   695
125.053   -0.202  29.2  32  65  72  6.27  X   Y   696
120.04   0.23  46.1  159  48  -176  5.3  X   Y   697
126.426   1.497  31.0  58  55  142  4.98  X   Y   698
126.44   1.446  36.5  21  41  86  5.09  X   Y   699
126.533   1.799  33.9  236  57  104  5.46  X   Y   700
126.423   1.749  34.2  150  59  61  5.48  X   Y   701
126.29   1.71  33.0  300  43  160  5.0  X   Y   702
126.62   2.1  30.8  188  43  84  5.1  X   Y   703
126.391   1.868  30.8  72  61  102  5.77  X   Y   704
127.024   2.3  30.1  321  54  67  6.54  X   Y   705
126.6   2.2  32.3  30  37  105  5.0  X   Y   706
126.458   1.966  35.2  205  57  82  6.77  X   Y   707
126.55   2.02  32.3  267  35  154  5.0  X   Y   708
126.991   2.431  27.4  180  54  95  5.77  X   Y   709
126.19   1.87  33.9  216  49  46  4.8  X   Y   710
126.47   2.14  35.1  32  34  93  5.3  X   Y   711
126.2   2.04  31.0  45  39  82  5.3  X   Y   712
126.269   1.535  35.0  181  58  57  5.73  X   Y   713
126.42   2.48  31.6  40  26  107  5.4  X   Y   714
126.549   2.116  34.5  195  57  96  5.49  X   Y   715
126.522   2.116  33.4  204  56  91  6.39  X   Y   716
120.026   0.158  35.0  174  19  -143  5.1  X   Y   717
126.349   1.14  30.0  128  39  -174  5.27  X   Y   718
126.385   1.659  32.4  19  43  61  5.06  X   Y   719
125.1   -0.31  37.5  237  35  116  5.3  X   Y   720
126.42   1.72  34.6  34  42  91  4.8  X   Y   721
126.082   0.532  33.1  16  42  74  5.52  X   Y   722
126.335   1.722  46.1  9  56  38  5.27  X   Y   723
122.378   -0.59  25.1  263  29  -161  6.06  X   Y   724
126.5   2.0  44.7  214  34  85  5.2  X   Y   725
126.61   2.2  35.8  13  35  78  5.3  X   Y   726
126.487   1.679  42.0  201  41  94  5.69  X   Y   727
126.36   0.23  33.6  2  68  19  4.9  X   Y   728
126.646   2.091  50.0  29  36  94  5.61  X   Y   729
124.28   -0.14  49.1  248  43  136  5.3  X   Y   730
126.41   1.9  33.3  48  44  92  4.9  X   Y   731
124.46   -0.28  41.5  228  35  109  4.9  X   Y   732
126.37   0.55  28.7  14  34  94  4.9  X   Y   733
126.37   1.91  31.3  73  80  178  4.9  X   Y   734
121.02   -1.12  18.1  52  70  165  4.8  X   Y   735
122.25   -0.66  17.6  167  45  -7  5.0  X   Y   736
126.508   1.859  49.8  37  40  102  6.32  X   Y   737
126.59   1.79  45.9  181  49  54  5.1  X   Y   738
126.491   1.51  34.8  184  47  55  5.02  X   Y   739
126.301   1.436  46.0  219  45  119  5.7  X   Y   740
126.867   3.861  13.6  194  30  92  5.05  X   Y   741
126.831   3.822  25.2  15  64  102  6.49  X   Y   742
126.103   0.871  40.8  35  49  121  4.99  X   Y   743
126.423   1.53  21.4  34  27  -71  5.08  X   Y   744
126.291   1.131  19.9  204  40  78  5.11  X   Y   745
126.394   4.182  31.7  176  26  86  5.92  X   Y   746
126.691   4.208  24.8  193  30  84  4.97  X   Y   747
126.57   4.23  30.4  81  49  155  4.9  X   Y   748
126.28   0.366  28.1  226  51  100  5.5  X   Y   749
126.54   0.57  33.1  47  49  123  4.8  X   Y   750
126.318   1.312  41.5  217  50  109  6.36  X   Y   751
126.15   0.994  34.2  222  39  178  5.2  X   Y   752
126.57   1.6  38.0  34  40  98  4.9  X   Y   753
120.418   -0.952  18.1  159  38  -22  5.27  X   Y   754
125.38   0.04  32.2  27  41  129  5.0  X   Y   755
124.55   -0.35  42.1  234  35  117  4.9  X   Y   756
126.392   1.703  47.5  98  20  31  5.05  X   Y   757
124.969   -0.081  46.8  33  63  71  5.66  X   Y   758
126.369   1.214  26.8  147  76  58  5.47  X   Y   759
126.84   4.12  26.2  326  51  55  4.9  X   Y   760
120.08   -1.14  21.0  63  67  -159  4.8  X   Y   761
125.24   -0.3  39.0  250  33  123  5.4  X   Y   762
120.427   -1.297  16.8  277  57  -98  6.58  X   Y   763
120.69   -1.01  17.9  130  65  2  4.9  X   Y   764
120.48   -1.25  18.1  139  59  -29  4.9  X   Y   765
125.2   -0.33  35.1  247  32  116  5.4  X   Y   766
120.23   -1.29  14.8  268  30  -143  4.9  X   Y   767
119.94   -1.328  20.0  64  74  -179  5.02  X   Y   768
120.013   -1.314  19.1  67  84  178  5.07  X   Y   769
126.78   2.47  41.8  46  32  109  5.3  X   Y   770
126.573   3.983  44.7  173  24  79  5.18  X   Y   771
126.803   4.024  38.9  128  73  -21  5.75  X   Y   772
126.75   4.29  29.3  13  48  62  4.9  X   Y   773
120.48   -1.34  26.8  275  38  -97  4.8  X   Y   774
123.21   -0.5  49.3  144  67  22  5.2  X   Y   775
126.1   0.4  30.6  14  50  47  5.0  X   Y   776
126.19   1.75  30.2  31  33  98  4.8  X   Y   777
126.812   1.391  40.0  153  79  -2  6.02  X   Y   778
126.72   2.34  42.1  32  35  92  5.0  X   Y   779
126.59   1.91  36.3  39  44  102  5.3  X   Y   780
120.034   1.033  24.5  63  36  79  5.1  X   Y   781
120.005   1.026  25.7  64  17  84  5.19  X   Y   782
126.82   4.59  37.6  254  63  161  5.1  X   Y   783
125.99   0.69  34.2  40  78  180  5.4  X   Y   784
126.66   3.69  19.3  175  23  88  5.2  X   Y   785
119.67   -0.78  30.2  7  34  56  4.9  X   Y   786
126.34   0.48  22.2  15  42  80  5.2  X   Y   787
120.22   -1.44  12.0  127  59  4  5.0  X   Y   788
120.02   -0.4  12.0  181  77  -1  5.2  X   Y   789
119.852   -0.345  25.4  359  66  -14  6.06  X   Y   790
120.19   -1.51  22.3  52  76  -176  4.9  X   Y   791
120.15   -1.51  14.7  101  38  -69  5.0  X   Y   792
120.19   -1.43  12.0  116  37  -56  5.1  X   Y   793
120.24   -1.25  26.1  111  35  -86  5.1  X   Y   794
126.92   3.37  38.2  183  32  70  5.1  X   Y   795
119.65   0.0  15.0  311  27  12  5.3  X   Y   796
119.867   -0.695  24.2  349  38  -3  5.34  X   Y   797
119.89   -0.52  12.0  258  76  167  5.8  X   Y   798
126.01   0.2  29.6  346  41  42  4.9  X   Y   799
119.95   -1.44  15.0  115  13  6  5.4  X   Y   800
120.04   -0.87  27.0  145  33  -48  4.9  X   Y   801
120.23   -1.65  22.1  47  72  -165  5.1  X   Y   802
126.55   4.26  28.3  171  41  87  4.9  X   Y   803
126.558   4.144  28.6  198  33  116  5.35  X   Y   804
120.46   -1.24  14.4  120  37  -80  4.8  X   Y   805
120.41   -1.25  13.1  124  44  -60  5.0  X   Y   806
126.84   2.93  28.1  45  37  117  5.3  X   Y   807
125.974   0.461  30.0  44  18  134  5.47  X   Y   808
126.825   2.383  35.0  5  30  83  5.55  X   Y   809
126.442   1.113  38.6  26  26  92  5.39  X   Y   810
126.263   1.634  30.0  10  49  57  5.12  X   Y   811
126.63   2.48  34.9  18  34  79  6.6  X   Y   812
126.74   2.46  42.9  73  53  141  4.9  X   Y   813
126.9   2.54  35.6  219  43  103  5.2  X   Y   814
126.85   4.49  20.1  191  41  -30  5.1  X   Y   815
126.39   1.53  40.5  11  45  75  5.7  X   Y   816
126.2   0.34  27.0  16  46  68  5.1  X   Y   817
126.16   0.81  31.7  349  50  34  5.6  X   Y   818
120.29   -1.48  19.7  109  41  -54  4.9  X   Y   819
126.67   2.26  34.6  202  43  105  5.0  X   Y   820
119.67   0.12  22.5  60  60  164  4.9  X   Y   821
126.54   1.25  25.5  337  62  -8  5.1  X   Y   822
120.53   -1.77  12.3  136  41  63  5.5  X   Y   823
126.36   1.77  41.9  19  40  96  6.1  X   Y   824
126.72   4.14  29.7  182  28  92  5.2  X   Y   825
126.1   0.55  30.5  342  51  35  6.9  X   Y   826
126.36   0.81  28.4  171  43  103  5.0  X   Y   827
126.21   0.82  30.8  347  41  73  5.0  X   Y   828
126.24   0.68  26.5  358  39  94  5.0  X   Y   829
126.23   0.52  26.9  344  79  11  5.7  X   Y   830
126.38   0.35  19.6  186  31  74  5.9  X   Y   831
126.49   0.38  27.7  219  38  137  5.0  X   Y   832
126.37   0.15  21.1  209  29  53  5.3  X   Y   833
126.32   0.16  21.9  195  44  54  5.3  X   Y   834
126.17   2.32  48.3  8  38  129  5.2  X   Y   835
126.21   0.37  26.4  60  34  95  4.8  X   Y   836
126.64   2.41  45.1  24  31  95  5.0  X   Y   837
126.01   -0.21  27.8  83  47  124  5.1  X   Y   838
126.79   4.08  29.3  183  33  104  5.7  X   Y   839
124.65   -0.11  25.0  195  13  14  5.3  X   Y   840
126.36   1.46  31.5  213  43  102  5.4  X   Y   841
126.44   1.78  30.3  197  43  91  5.4  X   Y   842
126.26   1.78  29.2  2  51  55  5.5  X   Y   843
126.23   1.73  30.1  18  45  73  5.5  X   Y   844
126.42   1.71  29.9  206  43  86  5.6  X   Y   845
126.37   1.71  26.1  211  35  108  5.6  X   Y   846
126.29   1.74  27.5  219  44  113  5.6  X   Y   847
126.21   1.72  33.4  37  37  93  5.7  X   Y   848
126.26   1.8  33.0  206  44  100  5.7  X   Y   849
126.15   1.64  36.0  33  42  114  6.0  X   Y   850
126.1   1.72  26.2  5  27  62  6.1  X   Y   851
126.26   1.65  34.2  68  65  163  5.0  X   Y   852
126.45   1.66  29.8  157  89  0  5.0  X   Y   853
126.24   1.84  30.2  24  34  100  5.1  X   Y   854
126.08   1.72  32.4  346  46  63  5.1  X   Y   855
126.41   1.81  32.7  350  42  79  5.2  X   Y   856
126.25   1.69  28.8  353  53  36  6.0  X   Y   857
126.16   1.8  27.3  8  34  78  5.9  X   Y   858
126.34   1.56  28.6  53  39  115  4.9  X   Y   859
126.22   1.89  30.7  354  31  66  5.0  X   Y   860
125.17   -0.37  35.6  220  32  92  4.8  X   Y   861
126.73   4.03  26.6  225  35  -168  5.3  X   Y   862
126.36   0.79  27.5  59  49  153  5.9  X   Y   863
126.37   1.67  27.5  148  48  28  5.5  X   Y   864
125.37   -0.42  36.5  255  33  123  5.0  X   Y   865
125.22   -0.38  32.5  241  32  107  5.4  X   Y   866
120.18   -1.68  18.9  36  86  177  5.8  X   Y   867
126.33   1.53  41.3  23  36  82  6.0  X   Y   868
126.87   0.33  26.3  156  69  -10  5.0  X   Y   869
126.68   1.2  46.7  248  80  179  5.8  X   Y   870
126.15   3.98  28.4  182  75  168  5.2  X   Y   871
126.66   4.05  41.0  194  30  83  5.6  X   Y   872
126.27   1.35  30.8  176  39  75  5.1  X   Y   873
126.33   1.43  21.7  159  44  -97  4.8  X   Y   874
126.62   2.43  39.1  14  37  95  5.0  X   Y   875
126.36   1.37  40.3  192  46  110  5.1  X   Y   876
126.43   1.97  37.2  51  26  86  6.0  X   Y   877
126.56   4.15  24.4  349  41  23  5.5  X   Y   878
126.66   4.22  21.4  229  50  135  5.8  X   Y   879
119.27   -1.92  31.1  7  36  84  4.9  X   Y   880
126.91   4.22  25.8  182  38  68  4.9  X   Y   881
126.87   4.25  24.2  188  41  76  4.9  X   Y   882
126.76   2.63  34.3  56  34  129  5.3  X   Y   883
125.48   0.5  32.0  337  27  66  5.0  X   Y   884
124.45   -0.36  39.8  240  35  116  5.4  X   Y   885
126.18   1.75  24.5  158  34  51  5.1  X   Y   886
126.75   1.73  26.5  358  51  47  5.0  X   Y   887
124.39   -0.35  37.4  247  33  107  5.2  X   Y   888
124.55   -0.26  40.6  230  29  87  5.2  X   Y   889
119.97   1.31  25.0  60  15  82  5.3  X   Y   890
126.65   4.14  38.2  167  33  53  5.3  X   Y   891
124.42   -0.26  41.2  236  34  113  4.8  X   Y   892
119.94   1.23  28.6  47  19  77  5.1  X   Y   893
126.49   4.97  44.4  141  46  -172  4.8  X   Y   894
126.96   1.09  25.5  142  82  6  5.4  X   Y   895
126.12   0.69  30.7  354  50  51  5.3  X   Y   896
125.35   -0.35  41.4  239  33  108  4.9  X   Y   897
126.75   3.81  26.3  127  44  2  5.6  X   Y   898
126.31   0.82  30.5  13  46  70  4.9  X   Y   899
120.19   -1.52  17.2  87  42  -82  4.7  X   Y   900
119.95   1.22  25.0  66  10  83  5.2  X   Y   901
126.29   0.28  20.4  266  51  132  6.2  X   Y   902
126.39   0.43  31.2  224  44  113  4.9  X   Y   903
126.35   0.28  27.4  229  40  99  4.9  X   Y   904
126.15   0.32  24.1  40  35  101  5.5  X   Y   905
126.25   0.16  18.4  85  50  138  5.4  X   Y   906
126.66   3.1  46.8  188  26  94  5.2  X   Y   907
126.25   0.41  25.1  11  53  2  4.8  X   Y   908
126.75   2.89  36.8  198  21  116  5.2  X   Y   909
126.81   2.94  43.8  193  30  94  5.8  X   Y   910
126.71   3.01  41.7  190  25  94  6.2  X   Y   911
126.73   2.87  47.6  209  31  99  5.5  X   Y   912
121.95   -0.64  12.0  138  41  -61  5.7  X   Y   913
121.97   -0.68  12.0  139  42  -59  6.2  X   Y   914
121.52   -0.73  12.0  138  75  6  5.8  X   Y   915
126.62   1.88  38.0  195  41  67  5.5  X   Y   916
126.52   2.19  35.8  19  39  81  5.4  X   Y   917
126.37   0.49  23.1  213  46  106  5.1  X   Y   918
126.06   0.93  32.1  19  39  89  5.3  X   Y   919
126.16   0.92  31.0  201  39  109  5.8  X   Y   920
126.13   1.32  41.1  23  37  91  5.6  X   Y   921
126.08   0.91  31.5  332  47  47  4.9  X   Y   922
120.65   -1.29  16.1  234  60  -157  5.1  X   Y   923
123.62   -0.72  36.2  158  40  37  5.0  X   Y   924
126.78   2.52  29.5  36  41  124  5.0  X   Y   925
126.8   2.53  31.2  22  39  97  5.1  X   Y   926
126.68   2.28  33.5  22  41  74  5.3  X   Y   927
125.16   -0.27  36.3  247  32  119  5.6  X   Y   928
126.71   3.75  27.8  207  48  121  6.1  X   Y   929
126.07   0.85  30.6  332  39  42  5.7  X   Y   930
126.1   0.43  16.0  182  10  -81  5.3  X   Y   931
126.94   3.66  43.4  293  33  -133  4.9  X   Y   932
126.9   2.13  24.3  345  49  32  6.0  X   Y   933
126.73   3.71  30.8  204  36  96  5.3  X   Y   934
124.55   -0.35  37.8  233  29  104  5.0  X   Y   935
126.67   3.85  20.0  129  43  12  5.0  X   Y   936
126.33   1.74  33.4  228  45  114  5.5  X   Y   937
126.66   3.7  35.5  67  41  -36  4.7  X   Y   938
120.6   -2.06  16.4  126  74  -5  4.7  X   Y   939
125.9   1.1  32.8  3  33  99  5.3  X   Y   940
126.93   0.92  25.3  143  86  -1  5.0  X   Y   941
126.34   0.34  23.1  214  39  88  5.4  X   Y   942
126.33   1.9  30.4  251  44  107  5.8  X   Y   943
125.26   -0.35  35.9  257  49  148  4.9  X   Y   944
126.45   2.21  34.9  17  35  92  5.3  X   Y   945
