126.688   -5.401  10.0  235  69  21  6.2  X   Y   0
118.243   4.924  13.2  327  83  -20  6.28  X   Y   1
118.965   -7.715  20.0  171  76  -162  5.5  X   Y   2
121.26   -2.12  36.4  2  46  56  5.2  X   Y   3
125.744   -6.201  40.3  305  88  163  6.41  X   Y   4
121.98   -3.55  15.0  110  22  -22  6.1  X   Y   5
125.21   -2.46  36.0  103  59  -14  5.3  X   Y   6
124.676   -1.947  18.2  103  59  -14  5.33  X   Y   7
118.91   4.41  15.0  25  71  161  5.5  X   Y   8
118.38   4.748  15.0  122  72  20  5.55  X   Y   9
118.85   -4.22  15.7  38  24  100  5.6  X   Y   10
124.23   -7.99  34.8  134  38  -140  5.2  X   Y   11
123.36   -7.85  39.8  6  78  7  5.9  X   Y   12
123.26   -6.08  18.0  40  35  57  5.5  X   Y   13
122.614   -5.968  30.0  258  61  111  5.55  X   Y   14
118.779   -2.803  28.1  194  74  90  6.66  X   Y   15
125.978   -4.784  39.5  246  79  -13  6.15  X   Y   16
125.64   -2.3  13.6  309  15  146  5.5  X   Y   17
125.596   4.054  31.7  187  61  100  5.58  X   Y   18
124.88   3.63  34.4  359  29  76  5.2  X   Y   19
125.428   3.724  19.9  359  29  76  5.25  X   Y   20
125.3   -2.033  30.0  69  83  -14  5.92  X   Y   21
121.18   -7.94  30.4  83  45  139  6.6  X   Y   22
125.162   -2.134  22.1  71  62  -21  5.12  X   Y   23
121.154   -7.909  25.0  87  83  171  5.59  X   Y   24
123.97   2.12  33.0  58  17  57  5.3  X   Y   25
122.4   -7.61  43.7  14  83  -1  5.8  X   Y   26
120.72   -4.06  43.5  203  43  91  5.3  X   Y   27
120.1   -4.4  25.0  203  43  91  5.5  X   Y   28
122.7   0.5  46.0  274  24  -138  5.3  X   Y   29
121.0   -0.25  43.2  142  74  16  5.2  X   Y   30
121.93   -1.89  49.0  24  81  178  5.2  X   Y   31
125.48   -1.99  33.0  280  70  -5  5.3  X   Y   32
124.734   -2.006  35.2  297  62  3  5.44  X   Y   33
127.039   -3.913  36.2  279  33  101  5.25  X   Y   34
117.58   -7.978  28.5  229  68  9  5.1  X   Y   35
119.7   -3.9  33.0  13  40  110  6.0  X   Y   36
125.56   -2.24  31.5  109  66  22  5.3  X   Y   37
124.06   -6.1  46.0  37  27  89  5.1  X   Y   38
125.4   -2.9  8.0  181  29  130  5.0  X   Y   39
123.4   -4.5  45.0  308  51  -25  5.0  X   Y   40
122.578   -1.715  25.0  216  86  -170  6.13  X   Y   41
122.606   -1.761  24.2  145  74  21  5.53  X   Y   42
122.83   -7.03  33.0  234  40  70  5.1  X   Y   43
121.28   -7.7  41.1  234  40  70  5.6  X   Y   44
120.736   -7.931  25.0  88  50  118  5.74  X   Y   45
123.1   -1.54  33.0  219  77  175  4.7  X   Y   46
118.31   1.3  21.0  68  16  64  4.4  X   Y   47
118.392   1.065  17.8  68  16  64  5.41  X   Y   48
121.53   0.29  33.0  5  63  -19  5.5  X   Y   49
122.84   -5.3  33.0  261  18  89  5.0  X   Y   50
123.344   -5.809  15.0  261  18  89  5.17  X   Y   51
122.16   0.28  33.0  351  45  48  4.6  X   Y   52
122.53   -5.35  33.0  296  30  69  4.2  X   Y   53
124.15   -5.29  33.0  180  42  -155  4.8  X   Y   54
125.61   -1.17  33.0  223  26  92  5.4  X   Y   55
120.637   -7.426  25.0  14  28  70  5.4  X   Y   56
121.22   -7.32  39.0  14  28  70  5.4  X   Y   57
124.26   -5.2  34.1  185  72  -172  5.3  X   Y   58
124.33   -3.86  15.0  97  44  9  5.4  X   Y   59
124.044   -4.964  30.0  101  76  17  5.65  X   Y   60
126.08   -2.07  21.0  277  19  -160  5.4  X   Y   61
120.07   -3.66  33.0  272  30  -7  4.5  X   Y   62
122.52   -3.89  33.0  225  27  143  4.8  X   Y   63
125.08   -1.28  32.0  217  16  119  4.8  X   Y   64
125.42   3.71  48.0  46  44  126  5.4  X   Y   65
125.533   3.461  35.0  46  44  126  5.42  X   Y   66
124.95   -1.61  26.2  319  53  8  5.4  X   Y   67
121.94   -7.86  15.0  299  10  74  5.2  X   Y   68
125.96   -3.54  35.0  61  69  2  4.9  X   Y   69
125.5   -2.44  43.0  345  41  121  5.1  X   Y   70
125.081   -2.074  15.0  126  56  66  5.58  X   Y   71
123.2   -7.63  33.0  230  39  26  4.9  X   Y   72
124.9   -6.69  33.0  167  36  -163  5.3  X   Y   73
124.65   0.81  33.0  45  71  3  5.0  X   Y   74
122.5   -5.9  33.0  30  40  88  4.8  X   Y   75
122.7   -5.06  17.9  30  40  88  4.8  X   Y   76
120.43   4.8  25.0  318  41  83  5.0  X   Y   77
124.8   -6.6  33.0  49  73  -174  5.0  X   Y   78
126.596   -2.006  15.0  90  51  -48  5.18  X   Y   79
122.174   -5.652  11.6  179  49  59  6.44  X   Y   80
122.3   -5.9  33.0  41  49  121  6.9  X   Y   81
122.41   -5.62  20.2  161  37  88  4.9  X   Y   82
123.7   -5.4  30.0  225  31  -134  5.1  X   Y   83
123.733   -7.862  15.0  101  60  171  5.09  X   Y   84
117.898   1.57  15.0  120  38  93  5.4  X   Y   85
123.108   -5.17  15.0  318  75  51  5.58  X   Y   86
126.79   -4.71  15.0  221  80  -2  6.1  X   Y   87
126.865   -4.672  16.0  97  62  106  5.79  X   Y   88
121.637   -4.045  15.0  114  44  -110  5.19  X   Y   89
119.287   -3.738  31.8  209  46  110  5.07  X   Y   90
126.18   -3.7  25.1  345  83  176  5.1  X   Y   91
122.49   -7.55  20.9  129  82  177  5.1  X   Y   92
123.46   2.54  33.0  67  45  78  6.3  X   Y   93
122.721   -5.882  15.0  207  48  63  5.39  X   Y   94
118.03   -3.536  40.0  261  53  128  5.78  X   Y   95
121.8   -7.98  21.2  105  79  175  5.0  X   Y   96
118.28   4.66  12.0  134  80  8  5.0  X   Y   97
126.415   -4.073  18.4  344  80  176  5.13  X   Y   98
124.4   4.65  27.3  149  84  5  5.2  X   Y   99
129.98   2.44  22.5  40  42  133  5.4  X   Y   100
118.877   -7.998  17.6  88  22  96  4.98  X   Y   101
122.05   -5.93  11.0  62  29  139  4.9  X   Y   102
126.56   -4.76  19.0  82  76  4  5.0  X   Y   103
117.58   -5.96  16.6  156  77  -168  5.4  X   Y   104
122.857   -4.451  15.0  236  81  -148  6.13  X   Y   105
121.721   -4.083  15.0  142  45  -75  5.21  X   Y   106
121.732   -4.074  12.3  131  45  -79  5.49  X   Y   107
125.155   -2.111  15.0  334  37  104  5.13  X   Y   108
124.34   -6.33  10.0  36  82  -4  4.8  X   Y   109
118.26   4.66  13.9  110  52  -16  4.8  X   Y   110
123.77   -7.97  12.0  93  29  114  5.2  X   Y   111
117.55   -7.96  20.7  79  45  81  4.9  X   Y   112
125.8   -5.19  19.0  132  81  -177  5.4  X   Y   113
117.74   3.0  23.3  221  78  178  4.8  X   Y   114
124.1   -4.45  15.6  15  44  179  4.9  X   Y   115
122.62   -5.61  17.1  8  43  79  4.8  X   Y   116
122.858   -4.314  15.0  144  59  -3  4.96  X   Y   117
121.55   2.4  43.5  69  66  16  5.0  X   Y   118
119.761   4.627  18.2  198  37  128  5.63  X   Y   119
117.683   3.662  16.0  94  79  4  6.05  X   Y   120
125.4   -2.95  19.1  323  39  90  4.9  X   Y   121
126.766   -7.932  25.6  91  47  114  4.99  X   Y   122
126.76   -7.99  13.3  81  46  122  5.3  X   Y   123
126.137   -3.623  20.1  260  90  -3  5.78  X   Y   124
121.899   -7.634  20.9  111  72  -167  4.96  X   Y   125
118.823   -7.871  23.9  77  70  1  5.1  X   Y   126
126.646   -5.087  19.0  325  78  170  5.66  X   Y   127
125.34   3.469  31.0  357  23  81  5.07  X   Y   128
122.65   -1.63  19.3  342  45  70  4.9  X   Y   129
122.56   -1.85  12.0  43  83  -175  6.8  X   Y   130
122.52   -1.81  17.9  27  68  -162  5.4  X   Y   131
125.04   -5.69  12.0  128  70  169  5.5  X   Y   132
125.29   3.87  24.4  18  22  106  4.9  X   Y   133
126.34   -4.15  23.0  332  77  -177  5.7  X   Y   134
126.21   -3.81  19.0  252  79  -5  5.4  X   Y   135
122.57   -5.87  12.0  354  32  54  5.3  X   Y   136
118.72   -7.74  12.0  40  44  -129  4.9  X   Y   137
124.08   -4.47  14.7  293  85  0  4.8  X   Y   138
118.5   -2.7  34.9  327  53  6  5.9  X   Y   139
122.45   -7.55  16.5  120  67  165  5.4  X   Y   140
122.44   -7.57  14.8  87  37  98  5.5  X   Y   141
