6.85	50.17	600
2.97	45.775	1464
2.53	42.17	893
-4.02	38.87	1117
11.93	42.6	800
12.7	41.73	949
14.139	40.827	458
14.426	40.821	1281
13.897	40.73	789
14.83	39.48	-70
15.213	38.789	924
15.064	38.638	399
14.933	38.49	590
14.962	38.404	500
14.999	37.748	3295
12.7	37.1	-8
12.02	36.77	836
14.399	39.284	-779
23.336	37.615	760
24.439	36.699	751
25.396	36.404	367
27.16	36.586	698
27.14	36.671	180
28.52	38.58	750
33.6	37.667	1302
34.17	38.13	3253
34.57	38.25	2143
34.621	38.537	1683
35.447	38.531	3864
39.83	37.67	1957
42.229	38.654	2948
43.874	39.356	3514
44.3	39.7	5165
42.442	43.351	5642
44.5	42.7	5050
43.7	41.542	3290
44.2	40.53	4095
45	40.283	3597
45.497	39.797	2575
45.74	40.028	3029
45.992	39.742	3139
41.83	15.55	244
42.18	15.05	191
42.75	14.02	624
42.73	13.72	422
39.92	14.88	904
40.3	14.242	-48
40.408	13.975	287
40.553	13.793	578
40.6	13.725	668
40.67	13.6	613
40.631	13.512	988
40.722	13.51	493
41.809	13.579	1625
41.7	13.37	2218
41.65	13.27	1875
41.725	13.18	1611
41.599	13.098	1338
41.161	13.106	493
41.063	13.284	655
40.987	13.304	784
40.853	13.088	1250
40.185	13.013	1745
40.573	12.888	1496
40.48	12.595	1401
40.07	12.38	1302
40.82	12.17	600
40.242	11.816	852
41.208	11.88	625
42.2	12.38	600
42.404	12.469	1993
42.53	12.55	600
42.43	12.95	987
42.47	11.58	298
41.48	11.75	700
41.63	11.28	1068
41.27	11.08	1459
41.042	10.58	1383
40.702	10.082	2145
40.84	10.07	1733
40.33	9.78	900
40.28	9.57	878
40.13	9.35	1151
39.93	8.975	2007
39.75	8.95	1100
39.701	8.788	1380
39.475	8.558	2447
38.98	8.78	1850
39.35	8.43	1765
39.188	8.357	1873
39.05	8.221	2267
39.137	8.159	2343
39.062	8.013	1886
38.902	7.874	1889
38.35	8.05	2281
38.78	7.77	2335
38.58	7.47	2075
38.39	7.193	2320
38.1	7.07	1700
35.43	7.42	2728
37.97	6.76	1594
37.713	5.708	1150
35.88	5.1	912
37.488	4.063	1111
36.049	4.059	490
36.04	3.496	518
36.6	2.63	800
37.97	2.32	1707
36.57	2.32	1032
36.43	1.98	817
37.9	1.57	699
36.33	1.5	1285
36.23	1.15	1528
36.18	0.92	1697
36.12	0.77	1446
36.075	0.62	1130
37.87	0.23	750
36.07	-0.2	2278
34.5	-0.38	1751
36.27	-0.52	2126
36.22	-0.65	2856
36.292	-0.904	2434
36.446	-0.914	2776
36.357	-1.151	2356
35.914	-2.764	2962
37.88	-2.68	2188
36.75	-3.25	4565
31.933	-4.889	1146
33.554	-8.989	2614
33.668	-9.135	2953
33.792	-9.229	2176
30.25	0.7	1615
30.25	0.45	1430
29.92	-0.08	1067
30.08	-0.2	1554
30.191	-0.471	1707
29.2	-1.408	3058
29.25	-1.52	3470
29.45	-1.506	4490
29.485	-1.458	3696
29.678	-1.383	4103
29.72	-1.23	2440
28.75	-2.32	1460
8.52	3.35	2260
8.63	3.35	2009
8.762	3.588	2999
9.17	4.203	4095
9.717	4.758	500
10.5	6.25	3011
8.5	17.68	1780
2.83	19.83	700
5	22.67	1467
5.83	23.33	2918
5.83	23.92	1672
16.33	21.33	2000
16.45	21.03	3265
17.28	20.92	3100
18.53	19.8	3415
24.27	12.95	3042
25.85	14.57	1779
26.47	15.32	2000
32.75	18.33	670
40.858	36.536	516
37.583	32.333	1100
36.17	27.8	1950
37.25	27.08	1920
37.75	25.17	1370
40.2	26.58	1625
39.92	25	2093
39.78	23.08	1744
41.38	22.8	1475
41.63	18.37	587
42.83	17.05	305
44.08	15.63	3100
44.236	15.245	2506
45.1	15.4	1550
44.67	14.57	3500
46.12	13.58	1737
48.3	14.067	604
50.935	15.515	464
46.43	37.75	3707
47.835	38.268	4784
52.109	35.951	5670
60	28.07	3490
60.67	28.17	1500
61.13	28.6	3940
43.33	-11.47	1087
45.17	-12.83	660
43.38	-11.75	2361
49.15	-12.6	1475
48.48	-13.32	214
48.67	-14.3	2878
46.7	-19.033	1800
46.942	-19.85	2644
55.708	-21.244	2632
77.825	-37.721	-650
77.52	-37.83	881
77.53	-38.72	268
73.513	-53.106	2745
72.6	-53.03	230
69.5	-49.58	1840
52.2	-46.43	1090
51.75	-46.42	934
50.23	-46.1	775
37.95	-46.63	672
37.75	-46.9	1230
173.9	-35.3	388
174.27	-35.75	397
174.87	-36.9	260
176.25	-37.28	355
174.07	-39.3	2518
177.18	-37.52	294
176.5	-38.12	1111
176.33	-38.42	592
176.08	-38.42	897
176	-38.82	760
175.632	-39.157	1978
175.57	-39.28	2797
177.839	-36.446	-860
178.028	-36.321	-600
178.196	-36.142	-400
178.05	-36.13	-500
178.478	-35.745	-220
178.527	-35.353	-1200
178.973	-35.004	-980
179.075	-34.875	-1350
-179.18	-31.85	-900
-179.033	-31.08	-897
-178.556	-30.543	47
-178.475	-30.21	238
-178.712	-30.036	-65
-177.92	-29.27	516
-177.188	-25.887	-132
-177.02	-24.8	-385
-175.65	-21.338	-68
-175.75	-21.15	-65
-175.55	-20.852	-296
-175.382	-20.536	114
-175.42	-20.32	-17
-175.07	-19.75	515
-175.016	-19.668	1009
-174.87	-19.18	43
-174.775	-18.992	-10
-174.65	-18.806	540
-174.365	-18.325	-40
-174.317	-18.023	188
-173.72	-15.85	560
-173.67	-15.62	-33
-175.63	-15.6	260
-175.725	-15.431	-1170
-176.283	-15.333	-1500
-174.23	-15.37	-1400
-173.75	-15.1	-1174
-174.003	-15.379	-1270
-169.058	-14.215	-592
-169.454	-14.23	931
-169.618	-14.175	639
-170.7	-14.295	653
-171.72	-13.935	1100
-172.525	-13.612	1858
-176.17	-13.3	143
-179.97	-16.82	1241
179.4	-17.32	522
177.98	-19.12	805
147.35	-2.38	270
147.28	-2.57	254
147.78	-3.03	-1300
144.605	-3.507	402
144.588	-3.608	365
144.818	-3.613	685
144.963	-3.994	240
145.037	-4.08	1807
145.964	-4.649	1839
146.717	-4.883	-5
147.12	-5.358	1280
147.875	-5.589	1548
148.115	-5.519	75
148.094	-5.414	992
148.42	-5.525	1330
149.339	-4.624	171
149.511	-4.687	368
150.094	-5.094	408
150.038	-5.141	1116
150.07	-5.3	565
150.027	-5.416	564
150.509	-5.466	796
150.516	-5.576	724
150.942	-5.5	610
151.1	-5.33	1148
151.23	-5.2	2248
151.33	-5.05	2334
151.158	-4.92	858
152.203	-4.271	688
152.2	-4.12	200
147.57	-9.2	850
148.15	-8.95	1680
148.37	-9	1915
148.33	-9.08	1342
149.07	-9.2	1925
149.13	-9.48	370
149.075	-9.57	640
150.35	-9.48	220
150.53	-9.52	200
150.88	-9.62	500
152.642	-3.125	700
153.65	-4.08	450
154.935	-5.835	2175
154.98	-5.92	2715
155.225	-6.092	1544
155.196	-6.137	1855
155.608	-6.442	2210
155.62	-6.52	1887
156.52	-8.292	335
157.03	-8.75	-700
157.16	-8.841	-717
157.979	-8.991	-20
158.03	-8.92	-240
159.73	-9.35	1000
159.82	-9.13	485
165.804	-10.386	796
167.67	-13.67	411
167.47	-13.8	921
167.5	-14.27	797
168.05	-14.45	1028
167.835	-15.389	1496
168.12	-16.25	1334
168.346	-16.507	1413
168.37	-16.68	833
168.536	-16.829	-2
168.592	-16.992	216
168.353	-17.47	594
169.238	-18.754	817
169.447	-19.532	361
169.78	-20.2	852
170.28	-20.98	-80
171.32	-22.33	177
172.05	-22.4	297
142.5	-37.77	1011
94.28	13.43	710
93.858	12.278	354
95.658	5.448	1810
96.289	4.903	2785
96.821	4.769	2617
98.501	3.248	2181
98.392	3.17	2460
98.83	2.58	2157
99.255	1.556	1819
99.209	1.478	1862
99.539	0.686	2145
99.67	0.47	1983
99.98	0.079	2919
100.189	0.074	737
100.474	-0.38	2885
100.331	-0.39	2854
100.681	-0.979	2575
101.264	-1.697	3800
101.728	-2.414	2507
102.239	-3.247	2122
102.37	-3.38	2467
102.615	-3.522	1940
103.121	-4.016	3142
103.306	-4.257	2836
103.925	-4.871	1854
104.317	-5.107	1717
104.27	-5.25	1000
104.59	-5.334	849
105.625	-5.78	1281
105.423	-6.102	155
105.978	-6.343	1324
106.05	-6.268	1768
106.7	-6.75	1699
106.73	-6.72	2211
106.965	-6.77	3008
107.4	-7.162	2422
107.6	-6.77	2084
107.73	-7.32	2665
107.709	-7.245	2594
107.84	-7.143	2249
107.95	-6.77	1684
108.058	-7.25	2168
108.07	-7.208	2201
108.408	-6.895	3039
109.208	-7.242	3428
109.879	-7.2	2565
109.992	-7.3	3136
110.07	-7.384	3371
110.33	-7.18	2050
110.4	-7.362	1864
110.44	-7.454	3118
110.446	-7.54	2910
110.88	-6.62	1625
111.192	-7.625	3265
111.758	-7.808	2563
112.308	-7.93	1731
112.45	-7.92	2651
112.575	-7.733	3339
112.62	-7.616	1631
112.922	-8.108	3657
112.95	-7.942	2329
113.341	-7.981	1641
113.57	-7.97	3088
114.056	-8.119	3260
114.242	-8.058	2769
114.37	-7.85	1247
115.133	-8.283	2244
115.375	-8.242	1717
115.508	-8.343	2997
116.47	-8.42	3726
118	-8.25	2850
119.07	-8.2	1912
119.986	-8.724	1319
120.52	-8.62	2350
120.95	-8.875	2245
120.98	-8.73	1559
121.191	-8.817	2096
121.641	-8.891	618
121.82	-8.77	1639
121.708	-8.32	875
122.455	-8.676	1661
122.761	-8.479	881
122.775	-8.542	1703
122.833	-8.365	1095
123.258	-8.342	1659
123.505	-8.272	1423
123.38	-8.55	1018
123.57	-8.53	1018
123.585	-7.791	633
124.13	-8.508	862
126.65	-6.642	282
128.675	-7.125	868
129.144	-6.976	728
129.5	-6.73	781
130.017	-6.312	608
130.303	-5.543	257
129.881	-4.523	596
121.601	-0.162	404
124.42	0.75	1795
124.737	1.112	1785
124.758	1.13	1549
124.83	1.23	1202
124.792	1.358	1580
124.865	1.352	1299
125.031	1.454	1968
125.185	1.518	1334
125.37	2.3	725
125.407	2.781	1797
125.491	3.138	-5
125.447	3.689	1318
127.83	1.83	318
127.894	1.693	1229
127.67	1.63	1035
127.63	1.488	1325
127.53	1.38	1635
127.47	1.25	979
127.439	1.08	993
127.32	0.9	630
127.33	0.8	1715
127.4	0.658	1730
127.4	0.57	308
127.411	0.454	927
127.4	0.32	1357
127.42	0.07	422
127.48	-0.53	1030
127.725	-0.761	932
125.375	5.4	862
124.892	6.113	1824
125.07	6.37	2286
125.269	6.989	2938
126.047	7.382	1080
124.317	7.644	1818
124.507	7.691	2790
124.8	7.95	2824
125.068	7.877	646
123.63	8.22	2404
124.673	9.203	1552
123.17	9.25	1862
123.132	10.412	2435
123.25	10.65	1885
123.23	10.77	1510
125.218	10.285	912
124.888	10.882	860
124.535	11.523	1301
124.056	12.769	1535
123.958	13.05	1102
123.685	13.257	2462
123.6	13.32	1328
123.451	13.458	1138
123.38	13.658	1966
122.018	13.24	1157
121.48	14.07	2158
121.3	14.12	1090
120.993	14.002	311
121.27	14.42	743
120.482	14.527	1388
120.4	14.72	1253
120.35	15.13	1486
120.742	15.2	1026
120.98	17.147	1865
121.1	17.32	2329
122.123	18.222	1133
121.86	18.83	712
122.202	19.077	228
121.94	19.523	1080
121.75	20.33	-24
122.01	20.469	1009
110.229	19.905	196
109.12	15.38	157
108	14.93	800
108.2	11.6	1000
107.2	10.8	392
109.014	10.158	-20
109.05	9.83	-50
95.25	20.92	1518
95.98	22.7	507
98.5	25.23	2865
121.18	21.83	-115
121.926	24.132	-1640
121.953	24.841	361
121.553	25.178	1120
123.93	24.57	-200
128.223	27.881	212
128.997	28.797	495
129.594	29.465	555
129.714	29.638	796
129.857	29.859	979
129.926	29.968	628
130.217	30.443	657
130.305	30.793	704
130.57	31.22	924
130.657	31.593	1117
130.592	31.771	40
130.862	31.934	1700
128.849	32.657	315
130.299	32.761	1483
131.104	32.884	1592
131.249	33.086	1791
131.39	33.282	1584
131.6	34.5	641
132.622	35.141	1126
133.334	36.176	151
139.098	34.9	1406
139.021	35.233	1438
138.728	35.361	3776
138.32	36.087	2480
137.48	35.893	3067
136.771	36.155	2702
137.554	36.106	3026
137.573	36.2	2109
137.587	36.227	2455
137.594	36.408	2924
137.59	36.571	2621
138.036	36.921	2400
138.114	36.891	2454
138.523	36.406	2568
138.528	36.618	2165
138.519	36.688	2041
138.851	36.477	1449
139.193	36.56	1828
139.285	36.955	2356
139.376	36.799	2578
139.491	36.765	2486
139.507	36.795	2341
139.777	36.9	1795
139.963	37.125	1915
139.566	37.444	835
140.072	37.601	1816
140.281	37.647	1728
140.244	37.735	1949
140.44	38.144	1841
140.162	38.599	552
140.734	38.729	470
140.788	38.961	1627
140.049	39.099	2236
140.799	39.761	1637
141.001	39.853	2038
140.854	39.958	1613
140.757	39.964	1366
139.73	39.95	291
140.303	40.656	1625
140.88	40.51	1011
140.877	40.659	1585
141.12	41.279	878
139.394	34.724	758
139.279	34.52	508
139.27	34.397	432
139.153	34.219	572
139.526	34.094	775
139.602	33.874	851
139.68	33.4	-107
139.766	33.137	854
139.759	32.458	423
139.85	32.1	-360
139.918	31.888	11
140.051	31.44	136
140.303	30.484	394
140.342	29.794	99
140.633	28.575	-991
140.572	28.327	-933
140.8	27.68	-590
140.874	27.247	25
140.929	26.667	-165
141.102	26.127	-95
141.284	25.424	792
141.289	24.751	169
141.417	24.417	-73
141.481	24.285	-29
141.935	23.5	-107
142.326	23.078	-392
143.47	21.93	-217
143.71	21.765	-598
143.637	21.6	-274
144.043	21.485	-1535
144.194	21.324	-323
144.893	20.546	337
145.03	20.42	-75
145.1	20.13	-8
145.22	20.02	227
145.406	19.671	857
145.67	18.77	965
145.8	18.13	570
145.83	17.6	744
145.845	17.307	287
145.85	16.88	0
145.78	16.708	538
145.78	16.58	-184
145.67	16.35	790
145.67	15.93	-127
145.57	15.62	-230
145.25	15	-43
144.775	14.601	-517
143.92	13.4	-1456
144.02	13.25	-1230
144.506	15.406	-4100
139.367	41.51	732
141.166	41.805	618
140.677	42.063	1131
140.839	42.544	733
140.659	42.875	1308
140.812	42.827	1888
141.16	42.491	549
141.38	42.688	1320
141.242	45.179	1721
142.686	43.418	2077
142.854	43.664	2291
143.031	43.418	2013
144.013	43.384	1499
144.427	43.615	574
144.561	43.572	857
145.122	44.076	1660
145.086	44.044	1046
145.161	44.133	1562
145.504	43.844	535
145.733	43.979	882
146.139	44.454	1486
146.252	44.353	1822
146.932	44.462	1221
146.994	44.608	528
147.131	44.808	1206
147.342	44.833	1634
147.019	45.022	-195
147.871	45.012	1158
147.918	45.028	1208
148.019	45.1	1125
147.92	45.338	1587
148.35	45.25	442
148.838	45.389	1124
148.85	45.5	1205
149.68	45.77	1426
149.819	45.874	532
149.92	45.93	998
150.083	46.042	1328
150.871	46.532	742
151.28	46.47	-502
151.786	46.815	1504
151.95	46.925	624
152.12	47.02	1360
152.25	47.12	678
152.475	47.35	1172
152.8	47.52	401
152.92	47.6	36
153.02	47.77	956
153.2	48.092	1496
153.25	48.292	551
153.48	48.98	724
153.93	48.958	1170
154.182	48.873	911
154.508	49.12	1145
154.7	49.35	1325
154.808	49.57	1018
154.98	50.2	761
155.246	50.267	1742
155.373	50.148	1326
155.461	50.324	1781
155.97	50.55	1183
156.014	50.686	1103
155.565	50.861	2285
156.72	51.1	503
156.875	51.306	2116
156.753	51.356	1822
156.629	51.533	646
156.978	51.452	1040
157.12	51.45	81
157.203	51.498	1555
157.328	51.577	1926
157.35	51.65	900
157.27	51.75	892
157.572	51.844	1079
157.38	51.88	562
157.53	52.02	681
157.711	52.062	2039
157.849	52.113	1322
157.322	52.146	719
157.435	52.221	814
157.787	52.263	858
157.827	52.355	1910
157.93	52.43	1234
158.196	52.449	2288
158.03	52.559	1799
157.339	52.543	2439
157.58	52.63	1021
158.28	52.7	2173
158.24	52.802	874
157.78	52.9	1200
158.712	53.321	3430
158.836	53.256	2717
158.922	53.637	2285
159.15	53.589	2899
158.45	53.75	520
158.05	53.83	1150
158.07	53.905	2278
158.385	53.905	1567
159.45	53.98	1180
159.443	54.049	1513
159.674	54.135	1527
160.02	54.32	1720
159.804	54.528	2301
159.97	54.5	1617
160.251	54.489	1506
160.27	54.596	1816
160.533	54.753	3482
160.63	54.92	2020
160.703	54.974	2539
160.725	55.033	2065
160.765	55.064	2129
160.32	55.131	2334
160.326	55.832	3611
160.527	55.758	2886
160.603	55.862	3057
160.595	55.972	2882
160.593	56.02	4585
160.642	56.056	4754
160.509	56.113	3943
161.36	56.653	3283
167.33	55.42	-300
157.407	54.761	1967
157.47	55.55	1868
157.718	55.678	3596
157.98	55.82	1802
157.78	55.88	1906
158.47	55.2	1236
158.65	55.43	1956
158.38	55.58	2016
158.8	55.65	1442
158.38	56.08	1692
157.917	56.483	1401
158.37	56.37	915
158.67	56.33	1170
158.83	56.32	1828
159.03	56.37	1554
158.85	56.4	1377
158.52	56.57	1046
159.53	56.52	1400
159.647	56.656	2570
159.67	56.82	1778
159.8	56.85	1427
159.95	56.88	1349
159.78	56.97	1244
159.93	57.1	1527
160.4	57.13	965
161.09	57.153	355
159.83	57.2	765
160.08	57.27	1241
159.827	57.306	1318
159.967	57.32	1516
160.2	57.33	2125
160.97	57.35	583
161.37	57.35	265
160.108	57.406	1523
160.25	57.47	1641
160.37	57.45	2525
160.53	57.55	1381
160.418	57.702	1822
160.59	57.706	1607
160.67	57.8	1582
160.25	57.83	1255
160.53	57.88	2080
160.65	57.97	1764
160.8	58.02	2169
160.77	58.08	2300
160.82	58.13	2171
160.82	58.18	2552
160.97	58.2	2169
160.87	58.28	1936
161.08	58.4	1340
160.631	58.374	1103
117.77	56.28	2180
113.25	53.75	1250
102.5	51.5	1200
99.021	52.713	2047
98.303	52.433	2765
99.95	48.133	2326
102.75	48.67	1886
114.279	45.754	1778
80.2	35.52	5808
113.111	41.59	1605
120.8	47.45	1677
125.92	49.37	670
126.12	48.72	597
128.83	44.08	1000
126.5	42.33	1000
128.08	41.98	2744
127.33	38.33	452
130.87	37.5	984
126.53	33.361	1919
175.911	52.35	656
177.602	52.103	1220
178.136	52.015	1160
178.33	51.97	328
178.543	51.95	1174
179.58	51.93	1221
-178.794	51.79	1573
-178.146	51.885	1806
-178.006	51.873	1449
-177.438	51.91	738
-177.168	51.923	1307
-176.747	51.944	1196
-176.13	52.076	1740
-175.508	52.177	314
-175.13	52.22	273
-174.139	52.331	1448
-174.166	52.381	1518
-172.51	52.315	1054
-171.252	52.5	1066
-171.13	52.577	1142
-170.629	52.643	550
-170.111	52.742	1280
-170.054	52.894	1620
-169.944	52.825	1730
-169.77	52.83	1170
-169.77	53.065	888
-169.72	52.974	893
-168.693	53.13	2149
-168.539	53.157	1984
-168.13	53.43	1073
-168.03	53.93	150
-166.923	53.891	1800
-165.986	54.134	1303
-164.65	54.516	1563
-164.43	54.65	1112
-163.97	54.756	2857
-163.723	54.765	2446
-163.589	54.8	1871
-163.149	55.424	488
-162.835	55.067	1728
-162.276	55.183	1465
-162.073	55.341	1436
-161.894	55.417	2493
-161.854	55.457	2142
-161.214	55.641	1354
-160.041	55.913	1323
-160.002	55.929	1555
-159.954	55.954	1557
-159.797	56.011	1895
-159.38	56.17	2507
-158.785	56.552	1032
-158.17	56.88	1341
-157.185	57.019	1345
-156.99	57.135	2221
-156.745	57.203	1677
-156.368	57.751	1474
-156.51	57.832	91
-155.411	57.87	402
-155.361	58.172	1863
-155.253	58.195	2165
-155.1	58.236	1864
-154.963	58.28	2047
-155.157	58.27	841
-155.092	58.354	2317
-154.682	58.336	2162
-154.449	58.418	2287
-154.4	58.43	2272
-154.355	58.453	2043
-154.028	58.608	901
-153.672	58.77	2105
-153.542	58.855	2140
-153.43	59.363	1252
-153.09	60.032	3053
-152.742	60.485	3108
-152.251	61.299	3374
-152.411	61.64	3034
-170.3	57.18	203
-164.47	61.43	190
-162.12	63.45	715
-163.45	65.517	610
-148.433	64.062	830
-144.017	62.006	4278
-141.75	61.38	5005
-135.75	57.05	970
-133.1	56.5	15
-133.3	55.25	50
-131.05	55.32	500
-137.38	62.93	1239
-135.42	60.42	2217
-133.32	59.68	1880
-130.58	59.37	2123
-131.97	58.6	2012
-131.35	58.42	2190
-130.63	57.72	2786
-130.68	57.43	2430
-131.28	56.78	1850
-130.55	56.58	1880
-128.9	55.12	609
-130.23	54.7	335
-128.73	52.5	335
-123.732	52.928	1238
-120.57	52.33	2576
-126.3	51.43	3160
-123.4	50.8	2500
-123.5	50.63	2680
-123	49.933	2316
-123	49.85	2678
-123.28	50.12	2375
-121.813	48.777	3285
-121.113	48.112	3213
-121.76	46.853	4392
-121.49	46.206	3742
-122.18	46.2	2549
-122.08	45.88	1329
-121.82	45.93	1806
-121.695	45.374	3426
-121.8	44.674	3199
-121.774	44.411	1230
-121.93	44.38	1664
-121.841	44.285	2095
-121.767	44.133	3159
-121.688	43.979	2763
-121.82	43.57	2163
-121.229	43.722	2434
-120.861	43.512	1698
-122.108	43.241	1956
-122.12	42.93	2487
-118.75	43.1	1435
-117.46	43.147	1473
-122.193	41.409	4317
-121.554	41.611	2412
-121.508	40.492	3187
-122.77	38.97	1439
-119.03	38	2121
-119.029	37.804	2796
-119.032	37.631	3369
-117.45	37.02	752
-118.32	36.358	2886
-115.616	33.197	-40
-114.352	43.183	1478
-113.5	43.42	2005
-113.22	42.88	1604
-112.45	43.5	1631
-110.67	44.43	2805
-118.87	39.53	1251
-112.67	37.58	2840
-112.5	38.97	1800
-105.93	33.78	1731
-108	34.8	2550
-108.83	34.25	2300
-107.035	39.661	2230
-113.13	36.38	1555
-111.678	35.347	3850
-128.64	48.78	-2550
-129.1	47.95	-2050
-129.33	46.88	-2100
-129.58	46.52	-2400
-130	45.95	-1410
-130.3	44.83	-2140
-126.78	42.67	-3000
-127.05	42.15	-3100
-127.5	40.98	-1700
-129.879	44.267	-3000
-155.27	18.92	-975
-155.287	19.421	1222
-155.608	19.475	4170
-155.47	19.82	4205
-155.87	19.692	2523
-156.25	20.708	3055
-148.821	-17.564	-1743
-148.586	-17.662	-2515
-148.525	-18.325	-312
-148.068	-17.874	389
-129.27	-25.37	-39
-140.25	-28.98	-39
-105.32	16.55	-2700
-105.43	15.83	-2300
-103.58	10.73	-2900
-104.3	9.83	-2500
-86.15	0.792	-2430
-107.95	-8.27	-2800
-113.206	-17.436	-2566
-113.35	-18.175	-2650
-113.42	-18.53	-2600
-139.845	-53.998	-1000
-143.373	-56.153	-5700
-115.305	32.418	223
-113.498	31.772	1200
-115.996	30.468	260
-114.4	29.97	180
-114.5	29.33	960
-113.513	29.08	440
-118.28	29.07	1100
-113.75	28.5	1360
-111.881	27.438	224
-111.92	26	780
-110.82	19.3	332
-110.95	18.78	1050
-104.45	24.15	2075
-105.886	21.848	95
-104.73	21.45	2340
-104.508	21.125	2280
-104.83	20.62	2560
-103.62	19.514	3850
-101.75	19.85	3860
-100.25	19.4	3500
-99.758	19.73	3900
-99.758	19.108	4680
-99.13	19.08	3930
-98.7	19.308	3600
-98.642	19.179	5230
-98.622	19.023	5393
-98.032	19.231	4461
-97.47	19.27	3485
-97.45	19.68	3150
-96.526	19.809	800
-96.75	19.67	2000
-97.15	19.492	4282
-97.25	19.33	3500
-97.27	19.15	3940
-97.27	19.03	5564
-95.2	18.57	1650
-93.228	17.36	1150
-92.109	15.132	4064
-91.903	15.043	4203
-91.552	14.757	3745
-91.519	14.797	3173
-91.186	14.583	3535
-91.189	14.612	3158
-90.876	14.501	3976
-90.88	14.473	3763
-90.743	14.465	3760
-90.601	14.382	2569
-90.4	14.33	1454
-90.407	14.156	1845
-90.271	14.34	1802
-90.1	14.03	1662
-89.992	14.308	1600
-89.9	14.43	1716
-89.87	14.33	1192
-89.78	14.4	2042
-89.73	14.12	1775
-89.68	14.42	1292
-89.63	14.55	1650
-89.55	14.83	1192
-89.45	14.57	1200
-89.48	14.27	781
-89.631	14.054	926
-89.786	13.891	2036
-89.63	13.853	2381
-89.633	13.813	1950
-89.55	13.87	746
-89.294	13.734	1893
-89.25	14.02	665
-89.12	13.9	1438
-89.053	13.672	450
-88.837	13.595	2182
-88.77	13.72	700
-88.532	13.435	1172
-88.502	13.494	1593
-88.471	13.419	1449
-88.43	13.47	1640
-88.33	13.478	1300
-88.269	13.434	2130
-88.105	13.428	181
-87.641	13.272	783
-87.63	13.33	640
-87.98	14.98	1090
-86.882	16.12	74
-87.57	12.98	872
-87.004	12.702	1745
-86.84	12.606	1036
-86.75	12.55	832
-86.702	12.506	728
-86.688	12.495	1088
-86.539	12.423	1270
-86.342	12.242	518
-86.32	12.12	360
-86.165	11.985	594
-85.98	11.92	300
-85.968	11.826	1344
-85.82	11.73	629
-85.622	11.538	1700
-86.4	13.17	899
-86.142	12.53	603
-85.73	12.3	926
-85.473	10.98	1659
-85.324	10.83	1916
-85.153	10.748	2028
-85.015	10.673	1916
-84.703	10.463	1670
-84.366	10.3	2267
-84.233	10.2	2708
-84.1	10.135	2906
-83.852	9.979	3432
-83.767	10.025	3340
-82.543	8.808	3474
-80.17	8.58	1185
-75.363	5.203	3769
-75.293	5.091	3985
-75.324	4.892	5279
-75.365	4.818	4944
-75.33	4.658	5215
-75.389	4.487	2749
-76.03	2.93	5364
-76.4	2.32	4650
-76.592	2.108	4400
-76.814	1.666	3280
-76.936	1.5	4137
-77.37	1.22	4276
-77.68	1.08	4070
-77.87	0.95	4764
-77.938	0.817	4698
-77.58	0.552	3955
-78.287	0.468	4106
-78.364	0.308	3246
-78.183	0.258	4609
-78.27	0.13	4263
-77.986	0.029	5790
-77.656	-0.077	3562
-78.463	0.038	3356
-78.598	-0.171	4784
-78.617	-0.353	4463
-78.25	-0.375	4643
-78.141	-0.481	5753
-78	-0.53	4267
-77.626	-0.538	3990
-78.714	-0.659	5248
-78.436	-0.677	5911
-78.9	-0.85	3914
-78.815	-1.464	6310
-78.442	-1.467	5023
-78.613	-1.78	3336
-78.341	-2.005	5286
-91.55	-0.37	1476
-91.546	-0.02	790
-91.35	0.02	1710
-91.28	-0.18	1330
-91.12	-0.43	1130
-91.17	-0.83	1124
-91.408	-0.92	1640
-90.75	0.58	780
-90.47	0.33	343
-89.958	0.32	64
-90.77	-0.22	920
-90.33	-0.62	864
-89.5	-0.88	759
-71.351	-14.176	3693
-73.18	-15.07	4980
-73.45	-15.33	5522
-72.65	-15.52	6377
-72.33	-15.42	4713
-72.13	-15.83	4550
-71.857	-15.787	5960
-71.53	-16.191	6057
-71.754	-16.261	2525
-71.409	-16.294	5822
-70.903	-16.355	5672
-70.85	-16.608	4850
-70.595	-16.755	5408
-70.372	-17.026	5801
-70.196	-17.184	5495
-69.813	-17.47	5650
-69.77	-17.72	5980
-69.5	-18.1	5860
-69.142	-18.166	6336
-69.092	-18.42	6071
-68.75	-18.62	4215
-68.83	-19.15	5550
-68.53	-19.13	5430
-67.432	-19.463	3650
-66.48	-19.78	5438
-68.55	-20.73	5163
-68.2	-20.85	5543
-68.413	-20.939	5705
-68.237	-21.787	5846
-68.391	-21.888	6142
-67.853	-22.557	5884
-67.892	-22.72	5971
-67.88	-22.83	5916
-67.566	-22.895	5598
-67.75	-23	5703
-67.645	-23.236	5631
-67.618	-23.292	6023
-67.67	-23.52	4555
-67.7	-23.58	5778
-67.73	-23.37	5592
-67.534	-23.743	5852
-67.77	-23.82	5910
-67.95	-23.83	3550
-67.74	-23.949	4458
-68.13	-23.97	3109
-68.25	-24.18	3500
-68.054	-24.188	6233
-68.59	-24.319	4220
-68.246	-24.396	6031
-68.53	-24.72	6739
-68.367	-25.083	5451
-68.507	-25.168	5706
-68.521	-25.336	5481
-68.588	-25.414	5413
-68.58	-26.48	6173
-68.37	-26.8	5906
-68.296	-27.033	6638
-68.541	-27.109	6879
-68.713	-27.105	6205
-66.48	-24.05	5486
-67.783	-24.29	6095
-68.266	-25.078	4652
-67.4	-26.12	3495
-68.361	-26.632	6373
-68.116	-26.623	5741
-67.765	-26.789	4670
-68.561	-27.196	6658
-109.38	-27.15	511
-69.797	-33.425	5660
-69.895	-33.789	6070
-69.832	-34.164	5323
-70.295	-34.608	4860
-70.05	-34.65	5189
-69.981	-34.917	4999
-70.352	-34.814	4280
-70.568	-35.223	3977
-69.9	-35.123	3007
-70.496	-35.558	3508
-70.75	-35.58	3953
-70.761	-35.653	3788
-70.492	-36.058	2162
-70.849	-35.989	3621
-71.161	-36.193	3242
-71.009	-36.286	2268
-70.92	-36.45	1890
-69.241	-36.422	3715
-70.432	-36.638	4702
-71.378	-36.868	3180
-70.033	-37.144	4114
-71.349	-37.406	2979
-70.906	-37.738	2360
-71.183	-37.856	2953
-71.45	-37.92	3164
-71.167	-38.255	2108
-71.645	-38.31	2739
-71.586	-38.379	2832
-70.898	-38.509	2448
-70.37	-39.02	1700
-71.729	-38.692	3125
-71.52	-38.97	2282
-71.75	-39.25	1652
-71.93	-39.42	2847
-71.722	-39.496	2360
-71.502	-39.637	3776
-71.58	-39.887	2189
-72.027	-39.927	2422
-72.07	-40.35	1114
-72.117	-40.59	2236
-72.15	-40.783	1979
-72.264	-40.969	2493
-72.496	-41.105	2659
-71.885	-41.157	3478
-72.27	-41.25	506
-72.618	-41.33	1974
-72.396	-41.755	2187
-72.431	-41.874	1572
-72.58	-41.88	1210
-70.194	-42.018	1344
-72.578	-42.377	1318
-72.445	-42.799	2452
-72.646	-42.833	1122
-72.81	-43.497	2049
-72.794	-43.189	1826
-72.88	-44.08	2400
-72.53	-44.3	524
-73.08	-44.7	1660
-72.984	-45.059	2090
-73.17	-45.1	2960
-72.97	-45.9	1905
-73.48	-47.2	3437
-73.504	-49.019	3542
-73.75	-50.33	2546
-73.585	-50.964	1000
-73.05	-45.22	1080
-73.4	-52.33	1758
-69.698	-52.082	282
-70.262	-54.97	157
-63.23	17.63	887
-62.96	17.478	601
-62.8	17.37	1156
-62.58	17.15	985
-62.18	16.72	915
-61.664	16.044	1467
-61.43	15.612	861
-61.397	15.503	1430
-61.33	15.37	1387
-61.305	15.307	1224
-61.341	15.255	940
-61.165	14.809	1394
-61.05	13.83	777
-61.18	13.33	1220
-61.64	12.3	-185
-61.67	12.15	840
-23.783	64.8	1446
-23.283	64.866	986
-22.483	64.9	1063
-22.566	63.85	140
-23	63.733	70
-22.083	63.883	360
-21.783	63.933	610
-21.416	64.083	803
-21.333	64.083	550
-20.883	64.05	200
-20.666	64.583	1385
-19.7	64.85	1100
-18.766	64.833	1765
-20.266	63.416	283
-19.633	63.633	1651
-19.083	63.633	1490
-19.716	63.783	1464
-19.122	63.892	1280
-19.666	63.983	1490
-17.316	64.416	1719
-17.617	64.267	1650
-17.516	64.633	2000
-17.916	64.75	1523
-16.647	64.653	1930
-16.783	65.033	1080
-16.666	65.416	970
-16.728	65.715	800
-16.817	65.583	490
-17.166	65.833	540
-17.118	66.309	-75
-16.633	64.05	2010
-16.583	64.25	1620
-15.55	64.783	1833
-18.5	66.67	5
-8.155	71.082	2197
85.25	85.608	-3800
-38.08	38.75	-4200
-31.216	39.462	914
-31.111	39.699	718
-28.73	38.6	1043
-28.4	38.47	2351
-28.08	38.65	1053
-27.97	39.02	402
-27.32	38.73	1023
-26.63	38.23	-13
-25.78	37.87	856
-25.67	37.78	350
-25.47	37.77	947
-25.32	37.77	805
-25.88	37.6	-197
-16.97	32.73	1862
-17.83	28.57	2426
-18.03	27.73	1500
-16.641	28.271	3715
-15.58	28	1950
-14.02	28.358	529
-13.63	29.03	670
-24.35	14.95	2829
-24.72	14.85	900
-19.596	-0.433	-1528
-14.37	-7.95	858
-5.22	-32.958	-1200
-12.28	-37.092	2060
-12.48	-37.42	365
3.351	-54.408	741
163.25	-66.78	1239
162.47	-66.42	1340
164.83	-67.4	1167
165.5	-72.67	3040
164.7	-74.35	2732
163	-76.83	-500
163.53	-78.5	2723
167.17	-77.53	3794
163.33	-78.25	3000
-136	-76.05	3478
-132.33	-75.8	2978
-126.88	-77.17	3292
-126.67	-73.43	3110
-115.83	-75.8	3595
-112.08	-76.28	3460
-99.42	-74.33	749
-90.58	-68.85	1640
-60.652	-63.001	602
-57.93	-62.1	180
-56.717	-62.061	240
-55.78	-63.579	353
-60.05	-65.03	368
-27.225	-59.442	1075
-26.533	-59.017	1100
-26.374	-58.445	1370
-26.483	-57.8	843
-26.67	-57.08	550
-27.176	-56.712	835
-28.14	-56.656	190
-27.57	-56.3	551
-28.167	-55.912	-55
-57.75	-64.15	1630
-57.67	-62.02	549
25.88	46.13	1289
25.339	45.982	623
22.88	45.93	353
21.69	45.826	190
17.63	46.92	600
17.2	47.192	433
19.79	48.159	720
18.877	48.403	1009
17.475	49.88	780
12.392	49.97	585
7.325	50.4	588
7.2	50.62	150
-1.064	39.235	514
0.686	39.896	33
11.63	42.9	1738
11.77	42.87	0
11.92	42.78	0
12.28	42.85	466
12.3	42.65	0
12.82	42.57	0
12.93	42.43	650
13.08	42.15	0
12.188	42.367	1053
12.22	42.17	612
13.33	41.58	0
13.93	41.3	1066
15.67	40.92	1330
13.42	40.8	139
12.95	40.9	283
8.67	40.58	0
14.85	38.58	962
14.55	38.58	773
14.33	38.55	675
13.18	38.72	248
14.821	37.117	825
12.87	35.87	195
13.663	40.978	0
24.18	39.5	0
22.8	39.033	900
23.5	37.75	530
23.43	37.48	80
25.046	36.995	282
27.251	36.852	430
42.833	38.931	4033
43.426	39.104	2145
43.66	39.032	3100
36.6	36.767	486
36.083	37	424
30.492	37.72	0
41.675	40.005	2089
43.467	41	0
43.07	40.97	3192
44.25	42.45	3750
43.75	41.067	2251
44.15	40.2	3300
45.608	40.058	3047
46.1	39.617	2400
44.004	42.404	1904
41.779	13.508	1554
41.45	11.63	875
37.87	6.8	1800
38.085	6.712	1636
37.629	5.967	1650
41.62	12.88	1041
41.58	12.7	1191
41.503	12.551	1126
41.396	12.718	1037
41	12.75	0
40.366	12.387	1321
41.06	12.408	1548
41.19	12.519	934
40.9	11.75	0
41.35	11.98	0
42.044	12.274	881
42.135	12.197	583
42.166	12.45	582
38.85	8.53	2989
39.27	7.92	4005
38.6	7.88	2090
38.07	6.95	2205
36.87	4.47	600
41.396	12.171	1242
42.133	11.55	1301
37.35	-3.07	5881
33.583	-8.624	1690
33.8	-8.75	2179
33.38	-8.976	1568
36.93	2.75	2285
37.104	2.964	1056
37.75	3.5	1300
36.08	0.25	1100
35.83	-0.08	2550
36.38	-1.8	1169
36.1	-2.6	2942
36.22	-2.88	2942
35.95	-2.87	2600
35.817	-3.052	3627
35.42	-3.18	2865
35.57	-3.17	2376
37.4	-2.12	0
36.22	-3.3	2136
35.82	-4.23	2415
36.55	2.9	0
35.83	-2.92	3220
35.65	-3	3099
35.4	-4.43	3418
29.419	-1.463	4387
29.592	-1.388	3605
6.58	0.2	2024
9.292	4.608	600
9.83	5.03	2411
13.67	7.25	1230
12.088	10.75	930
9	9.5	1177
17.5	27.25	1200
17.772	24.906	470
9.33	18.27	0
-17.4	14.77	0
-6	33.33	0
-3.33	33.17	1500
-2	35.07	444
-1.45	35.28	480
13.25	32	850
9.638	26.814	0
-5.17	33.67	1785
-3.3	34.53	700
-2.97	33.47	700
-2.4	33.75	1200
-1.85	32.92	1388
18.52	21.22	2650
18.29	20.539	3325
41.85	37.13	693
40.33	35.63	404
39.47	35.82	473
38.68	34.02	775
38.68	33.75	781
42.092	18.024	331
42.4	26.98	0
42.051	18.515	761
57.55	29.375	2400
67.92	33.95	3800
67.97	34.25	3190
47.8	35.583	0
62.8	29.1	2333
47.25	36.321	2506
57.517	31.343	500
55.5	30.33	0
59.281	28.152	0
67.92	33.25	3000
67.85	33.33	4559
60.126	31.333	0
43.72	-12.3	790
44.45	-12.2	1595
55.48	-21.08	3070
57.65	-20.32	826
63.42	-19.7	396
178.652	-35.418	-1150
178.875	-35.5	-1100
178.863	-35.285	-1250
178.902	-35.169	-780
178.978	-35.21	-1250
178.545	-34.709	-1060
178.505	-34.776	-650
178.579	-34.775	-700
179.262	-34.576	-1000
179.576	-34.077	-995
179.827	-33.729	-340
179.953	-33.411	-2400
-179.957	-33.159	-560
-179.624	-32.617	-660
-179.591	-32.388	-1840
166.9	-46.55	330
174.92	-37.37	314
175.12	-35.9	134
175.12	-36.2	722
175.82	-36.62	230
176.08	-36.97	0
175.78	-37.25	795
176.22	-37.8	564
174.8	-37.87	756
175.1	-38	959
175.25	-38.07	450
173.97	-39.17	684
174.02	-39.23	1399
166.87	-46.55	300
176.98	-37.858	354
176.27	-38.08	757
176.27	-38.27	840
175.75	-38.35	1165
175.7	-38.98	1327
176.98	-37.547	0
-177.826	-28.831	-140
-177.692	-28.218	-875
-177.621	-27.857	-260
-177.506	-27.468	-1200
-177.41	-27.2	-900
-177.4	-26.81	-640
-177.26	-26.39	-850
-176.21	-22.337	274
-175.163	-20.154	-393
-174.952	-19.438	-331
-174.181	-18.163	21
-168.156	-14.545	3
179.42	-17.8	335
179.3	-18.02	760
-179.15	-17.45	0
-178.72	-17.52	0
-178.95	-18.95	0
144.1	-3.2	609
144.404	-3.39	58
146.23	-4.78	692
146.952	-5.117	298
147.58	-5.32	1372
148.4	-5.67	1524
149.113	-4.547	307
149.94	-5.345	988
150.407	-5.558	1277
151.385	-4.953	904
149.143	-4.888	579
150.07	-5.22	555
143.15	-5.9	3568
145.091	-6.581	2950
145.858	-7.05	3384
143.15	-6.02	3700
142.73	-6.13	2650
142.82	-6.58	2397
143.08	-6.8	500
143.28	-7.32	400
143.75	-5.78	3900
144.03	-5.77	3765
143.88	-6.05	4368
144.03	-6.23	3465
144.02	-6.75	2254
144.83	-6.25	2667
144.77	-6.57	2561
144.58	-6.92	1850
144.68	-6.97	1583
144.35	-7.45	328
149.17	-9.17	1726
152.043	-2.97	607
153.22	-3.5	472
154.95	-5.7	2040
155.192	-6.02	1567
155.35	-6.15	600
156.6	-7.67	760
157.03	-7.08	960
157.08	-7.97	1760
157.33	-8.47	1050
158.07	-8.55	500
158	-8.67	1040
158.18	-8.78	840
167.32	-13.53	764
167.68	-13.85	411
167.8	-14.32	125
168.23	-16.47	544
168.37	-17.57	500
169.08	-18.7	886
168.381	-17.063	629
169.12	-18.85	802
169.05	-18.85	758
169.45	-19.42	552
168.575	-17.292	-551
143.833	-9.717	171
145.03	-15.23	420
144.83	-15.87	610
145.72	-17.3	1160
144.55	-18.33	1020
145.8	-18.85	840
144.2	-19.73	1000
145.08	-19.82	840
144.25	-20.35	0
151.87	-25.58	330
98.934	2.156	1503
101.483	-2.274	2151
102.205	-3.224	1738
102.256	-3.308	1629
103.671	-4.437	1900
105.093	-5.505	1575
95.28	5.82	617
96.18	5.2	0
96.43	5.17	0
96.67	5.15	0
96.57	5	0
96.78	4.65	0
96.82	4.47	1930
97.42	4.62	0
96.82	4.813	2885
97.664	3.85	2245
98.351	3.288	1782
98.627	3.222	1499
98.63	3.12	0
98.9	3.02	1509
98.968	1.96	1669
100.2	-0.35	1724
103.523	-1.245	38
101.858	-2.503	2916
104.08	-4.83	1643
104.15	-4.92	2232
105.65	-5.25	300
98.433	3.237	1908
98.564	3.204	1969
95.77	5.43	730
100.67	-0.32	2262
101.42	-1.7	2732
101.627	-1.755	1789
103.643	-3.967	1422
103.85	-4.2	1619
104.675	-5.427	2079
107.637	-7.213	2184
107.639	-7.132	2307
108.076	-7.136	1538
112.733	-8.067	662
113.58	-7.739	507
106.37	-6.62	1297
106.45	-6.72	1929
106.563	-6.846	1741
107.041	-6.897	1213
107.529	-7.156	2042
107.8	-7.125	1730
108.13	-7.03	1721
111.52	-6.68	806
113.85	-7.72	1250
106.07	-5.93	595
106.57	-6.5	613
106.526	-6.768	1732
107.22	-6.58	1291
107.63	-7.32	2182
107.78	-7.4	1831
107.86	-7.322	2784
107.87	-7.05	1663
107.95	-6.97	1667
108.03	-7.12	1676
108.27	-7.18	1764
112.35	-7.83	1083
112.43	-7.77	2198
120.48	-8.68	1675
122.907	-8.301	823
114.653	-8.226	1359
114.817	-8.261	1390
115.654	-8.377	1142
116.13	-8.47	1490
118.497	-8.362	1602
118.924	-8.483	1423
119.12	-8.68	1000
119.32	-8.42	363
119.42	-8.72	518
119.67	-8.75	668
119.97	-8.62	1153
117.122	-8.58	1824
118.161	-8.704	755
119.92	-5.35	2871
125.39	3.911	126
125.345	4.048	0
125.329	4.232	239
125.468	4.684	109
125.088	4.675	-1874
127.82	1.62	1204
117.95	4.383	1077
114.67	2.75	0
114.1	2.35	0
113.67	2.33	0
109.93	1.02	1701
118.18	4.6	0
121.125	6	811
124.438	7.654	2280
124.98	8.77	2450
125.52	9.593	664
124.23	6.958	1198
124.62	6.58	652
124.662	7.285	1167
123.23	7.68	700
122.97	7.58	0
123.63	8.388	1532
125.27	9.932	687
125.122	10.483	903
124.75	11.108	1350
124.78	11.07	900
124.33	11.8	924
125.101	10.594	796
124.812	11.013	1302
124.509	11.404	628
120.742	15.825	369
120.55	16.33	2260
123.997	12.6	559
123.608	13.416	1548
123.53	13.52	0
123.02	13.92	959
122.792	14.02	1544
121.078	13.53	364
120.893	13.723	501
121.23	14.95	963
121.18	13.9	358
120.75	14.13	656
120.58	14.4	173
121.93	20.38	459
110.17	20.78	259
95.1	22.28	385
109.13	21.05	0
105.53	19.45	0
105.53	19.32	0
107.05	17.08	0
107.5	14	0
108.1	13.85	1028
108.2	12.88	0
106.67	11.67	0
102.6	12.9	0
105.6	12.1	0
105.82	11.9	0
106.4	12.1	0
107.25	12.05	0
106.45	15.142	1350
103	15	0
102.2	12.5	0
99.6	18.3	0
100	19.8	0
100.3	20.3	0
103.365	3.886	10
98.67	11.72	115
96.95	17.42	30
96.43	25.68	508
112.5	17	0
107.2	13.5	500
121.28	24.83	347
121.85	25.08	729
121.946	25.424	51
122.106	25.484	29
122.08	25.63	120
129.625	29.879	301
123.682	25.919	117
129.541	29.904	452
129.94	30.825	622
130.451	31.731	677
130.411	31.799	218
130.463	31.819	509
130.608	31.872	703
130.767	32.042	0
129.083	33.053	143
129.051	33.199	95
130.079	32.984	1076
130.641	32.811	665
131.221	33.169	800
131.133	33.228	1140
131.319	33.284	1236
131.604	33.58	720
131.669	33.718	267
130.233	33.695	8
129.712	33.738	213
130.058	30.036	27
130.866	33.974	104
131.761	34.098	504
131.844	34.189	790
131.76	34.186	661
131.669	34.271	390
131.798	34.459	908
132.431	35.061	808
133.267	35.201	967
133.182	35.41	180
133.174	35.493	42
133.422	35.338	301
133.549	35.368	1729
134.444	35.437	1310
134.922	35.343	350
138.832	34.604	106
138.786	34.71	520
138.852	34.907	1035
138.843	34.952	982
138.968	34.924	608
139.063	34.968	592
139.031	35.078	798
139.029	35.173	1004
138.794	35.238	1504
138.513	35.8	1764
138.373	35.968	2899
138.2	36.1	1925
138.111	36.223	2034
137.505	35.59	606
137.284	35.802	1067
136.974	35.937	1672
136.795	35.936	1386
136.841	35.998	1709
136.8	36.046	1786
136.743	36.054	1691
136.625	36.043	1671
136.5	36.15	1369
136.75	36.528	548
137.502	36.2	1831
137.651	36.286	3190
137.611	36.364	2755
137.599	36.471	2465
137.802	36.786	2469
138.278	36.834	1382
138.13	36.81	2053
138.137	36.736	1917
138.247	36.717	745
138.226	36.551	659
138.39	36.43	2227
138.649	36.408	1757
138.412	36.541	2323
138.461	36.626	2160
138.407	36.796	1351
138.386	36.974	1289
138.489	36.895	1650
138.587	36.836	2038
138.694	36.843	2145
138.836	36.953	1112
138.833	37.075	749
139.001	36.589	1296
139.34	36.687	2144
139.279	36.772	1541
139.136	36.802	2158
139.243	36.895	1969
139.375	36.88	2141
139.54	36.808	2483
139.97	37.243	1544
140.018	37.321	1108
139.237	37.341	1585
139.14	37.395	1537
139.688	37.454	729
140.011	37.617	1404
140.611	38.082	820
140.176	38.22	994
140.48	38.196	1485
140.654	38.218	0
140.527	38.299	1366
140.623	38.453	1500
140.03	38.546	1984
140.52	38.75	657
140.695	38.83	769
140.61	38.965	1348
140.523	39.018	1004
140.832	39.161	1548
140.665	39.718	249
140.734	39.804	1254
140.842	39.802	1478
140.781	39.897	1300
140.547	39.974	1454
139.879	39.931	355
141.109	40.066	1063
140.412	40.426	1178
140.73	40.57	985
141.056	41.436	781
134.678	35.504	460
140.255	40.41	1158
139.579	36.898	1322
139.408	33.725	-321
140.327	29.482	-1042
140.471	29.306	-1095
140.537	29.064	-814
140.802	28.084	-838
143.626	21.399	-1325
144.161	21.409	-551
139.297	34.469	209
139.387	34.045	114
139.302	33.648	74
144.42	13.65	-900
143.1	43.267	1401
140.375	41.54	855
140.708	41.757	333
140.855	41.737	-30
141.097	41.849	691
140.775	41.935	1167
140.45	42.12	356
139.468	42.193	428
139.944	42.611	1520
141.007	42.433	911
140.473	42.901	1212
140.82	43.08	725
140.916	42.767	1107
141.091	42.563	1231
141.146	42.631	1322
141.257	42.863	1251
141.204	42.898	1294
142.852	43.525	2141
142.898	43.589	1963
142.989	43.777	1883
143.016	43.776	1796
143.184	43.61	1336
143.237	43.52	1635
143.15	43.52	700
143.133	43.376	1291
144.408	43.498	554
144.736	43.681	1063
144.886	43.676	1006
144.722	43.763	1545
144.881	43.874	1419
145.017	43.991	1331
145.278	44.23	1254
139.811	41.355	282
147.174	44.584	907
148.35	45.22	264
148.58	45.4	853
150.05	45.95	1031
150.23	46.15	1120
150.369	46.192	847
150.733	46.721	0
152.07	46.964	614
154.02	48.75	828
154.75	49.75	0
154.12	49.72	35
154.429	49.785	1136
161.75	55.92	0
156.892	51.116	708
156.939	51.191	681
156.58	51.3	1032
156.57	51.4	754
156.809	51.616	1142
156.928	51.663	1050
157.063	51.753	1038
156.929	51.787	997
157.22	51.82	925
157.73	51.93	0
157.6	51.93	792
157.18	51.93	968
157.02	51.95	740
156.88	52.02	707
157.18	52.02	1005
157.78	52.13	0
157.64	52.16	1052
157.28	52.21	901
156.73	52.28	0
157.655	52.287	850
157.62	52.37	877
157.2	52.5	891
156.97	52.63	1194
157.73	52.55	1118
157.72	52.918	1446
157.6	53.12	0
158.67	53.38	2319
158.65	53.5	0
158.56	53.584	1350
158.7	53.6	1812
159.22	53.72	0
158.87	53.8	0
158.8	53.8	0
158.57	54.02	0
158.45	54.13	0
158.48	54.25	0
159.28	53.8	1684
159.53	53.87	1389
159.33	53.95	1199
159.38	54.02	0
159.77	54.07	0
159.43	54.37	0
159.72	54.63	2131
159.4	54.75	0
160.9	55.13	0
160.667	55.319	2059
160.97	55.23	0
160.53	55.08	1912
160.52	55.2	1711
160.87	55.37	2197
160.78	55.53	1893
161.18	55.75	2399
160.587	55.23	1857
159.95	55.33	1591
160.83	56.38	760
160.825	56.425	1410
160.87	56.53	200
161.708	56.667	1356
161.52	57.23	0
161.35	57.27	0
162.68	57.83	1211
161.62	58.03	0
157.1	55.35	1018
157.25	55.45	1505
157.37	55.43	1174
157.87	55.85	1727
157.63	55.97	1264
158.18	55.25	1438
158.43	55.52	2140
158.15	55.62	2136
158.52	55.6	1672
158.77	55.73	1821
158.83	55.88	1821
158.32	55.83	1790
157.75	56.08	1105
158.7	56.4	1477
158.83	56.48	1120
158.8	56.53	1205
158.65	56.55	1190
158.47	56.68	1230
158.37	57.05	1521
158.75	56.97	0
158.98	56.98	732
159.111	56.812	1362
159.35	56.57	1328
159.77	56.47	1858
159.45	56.8	1247
159.42	56.92	1391
159.75	56.78	1925
159.88	56.82	1631
159.95	56.93	0
159.73	56.93	1206
160.48	57.321	1151
159.57	57.48	1001
160.25	57.47	1665
160.43	57.65	1762
160.23	57.75	1395
160.62	57.78	1445
160.37	57.72	1345
160.65	57.92	2618
160.73	58.05	1887
161.1	58.23	1545
162.5	59.25	0
157.22	55.73	0
165.82	67.154	1560
145.893	65.959	993
103.25	50.52	1500
102.5	51.4	2369
102.5	52	0
96.5	51.25	1300
99.33	51.33	1922
103.5	48.65	0
107.63	44.85	1167
107.5	42.58	1162
105.98	42.33	1217
104.02	43.4	1752
103.53	44.25	1527
102.08	42.8	1445
101.98	44.38	1640
101	51	0
103.054	47.896	1600
91.7	35.85	5400
82.92	35.47	6900
118.95	31.95	0
118.75	33.12	0
113.28	40	1882
115.5	44	0
126.261	48.056	416
116.15	23.3	0
117.5	24.5	0
113	34	0
114.5	35.25	0
115.25	36	0
117.5	38	0
114.5	37	0
113.75	38	0
115	38.75	0
113.52	39.25	0
118.5	42.25	0
123.717	49.617	906
125.615	48.891	399
127.939	43.163	826
125.25	43.33	389
125.17	43.75	283
124.67	40.75	513
129.7	41	0
127.42	38.67	680
-174.95	52.05	560
-176.592	51.988	610
-166.679	53.967	792
-166.615	53.961	640
-165.65	54.25	818
-161.944	55.565	775
-160.096	55.868	1320
-157.83	57.72	541
-156.146	58.034	437
-154.306	58.474	1955
-154.5	58.55	1298
-152.62	60.68	1239
-166.33	60.02	511
-170.43	63.6	673
-169.58	56.58	288
-170.4	57.05	87
-169.93	57.18	0
-160.08	59.2	300
-164.3	62.22	188
-160.067	66.033	365
-164.33	66.35	243
-144.13	62.213	4959
-143.08	62.13	2755
-141.634	63.716	1245
-144.12	62.43	2356
-148.685	63.966	1369
-144.63	62.12	3661
-143.52	62.3	2816
-143.619	62.024	4112
-136.33	58.03	100
-143.147	62.4	2172
-124.617	52.417	1923
-124.458	52.742	1798
-131.15	59.02	1950
-129.6	58.52	1972
-130.2	57.88	1980
-126.7	56.15	2020
-129.37	55.43	0
-124.833	52.667	2371
-122.33	51.45	1800
-123.22	49.65	790
-119.62	50.15	2100
-121.17	52.5	1646
-121.352	46.713	1932
-121.4	46.5	2494
-122.129	46.109	1255
-120.9	46.1	1775
-120.754	43.472	1711
-120.669	43.361	1501
-122.5	45.3	1236
-121.723	45.649	1512
-121.796	45.496	1362
-121.658	45.066	1707
-121.75	44.82	2199
-121.842	44.48	2390
-121.63	44.4	1962
-121.837	44.332	2376
-121.749	44.266	2210
-121.915	44.241	1864
-121.541	44.099	1955
-121.7	44.08	2797
-121.825	43.924	1921
-121.975	43.851	2101
-122.018	43.805	1775
-121.871	43.819	2060
-121.77	43.77	1590
-122.11	43.731	1879
-122.103	43.659	2177
-121.965	43.627	2383
-122.03	43.51	2118
-122.054	43.4	2336
-121.979	43.31	2253
-121.034	43.681	2004
-120.899	43.629	1885
-121.142	43.392	1712
-122.148	43.521	2665
-122.065	43.153	2799
-122.219	43.155	2551
-122.154	42.788	2213
-122.194	42.703	2024
-122.201	42.552	1986
-121.5	42.5	1300
-122.13	42.52	2449
-122.315	42.445	2894
-122.27	42.365	2228
-119.5	43.4	1375
-117.8	43	1700
-117.422	43.001	1447
-122.08	42.32	2502
-117.589	42.606	1418
-121.445	41.178	1168
-121.591	40.777	1631
-121.841	40.731	1535
-121.55	40.68	2191
-120.83	40.63	1652
-117.82	36.03	2400
-116.625	34.75	1495
-122.33	41.97	975
-122.22	41.722	2528
-122.14	41.528	2605
-121.956	41.474	2323
-121.17	41.67	1703
-121.365	40.955	1259
-121.49	40.87	1337
-121.628	40.806	2397
-121.798	40.763	2077
-121.619	40.698	2647
-121.191	40.775	2220
-121.43	40.63	1532
-121.709	40.608	2054
-121.15	40.6	2309
-121.594	40.571	2036
-121.55	40.557	2097
-122	40.45	813
-121.347	40.453	2328
-121.412	40.416	2149
-121.62	40.3	2123
-121.943	40.341	945
-121.821	39.206	645
-118.87	37.7	3390
-118.25	37.05	1950
-117.5	35.5	1510
-115.75	35.27	1509
-115.78	34.55	288
-115.63	33.9	600
-116.62	43.25	1012
-115.98	43.2	1040
-112.83	43.45	0
-111.75	42.85	2185
-111.97	43.78	1713
-108.9	41.8	0
-117.3	40.35	1750
-119.72	39.375	1415
-118.88	38.32	2365
-115.97	38.48	2255
-117.62	37.82	1490
-116.55	36.77	1128
-119.1	41.8	0
-113.625	37.257	1465
-112.408	37.328	2135
-113.12	37.33	2727
-112.67	38.58	2770
-112.857	39.434	1555
-112.803	39.616	1609
-107.13	31.98	1695
-106.87	33.53	1555
-107.2	34.42	2395
-107.45	35.33	3460
-106.83	34.83	1750
-106.75	35.12	1800
-106.517	35.908	3441
-105.83	36.83	3087
-104.75	36.12	3000
-104.08	36.42	3350
-106.7	39.97	2402
-107.17	39.662	3061
-113.2	32.8	160
-109.629	34.192	3091
-110.25	33.25	1000
-109.25	32.5	1300
-130.1	45.3	-1985
-127.109	41.78	-3300
-127.38	41.404	-3000
-158.772	21.822	-1200
-155.72	20.08	1668
-156.57	20.57	450
-156.42	20.17	-1080
-156.6	20.88	1764
-156.85	20.82	1021
-156.87	21.12	1506
-157.17	21.15	418
-157.8	21.37	941
-158.15	21.52	1220
-159.5	22.07	1668
-160.08	21.95	390
-160.55	21.67	194
-139.03	-9.78	1067
-138.65	-10.47	955
-149.823	-17.552	1138
-149.523	-17.696	1631
-149.237	-17.798	1169
-159.77	-18.9	124
-159.75	-21.23	639
-151.35	-22.45	394
-130.113	-25.068	313
178.781	-49.684	359
-139.154	-50.457	-594
-112.591	27.47	1934
-114.655	30.227	280
-113.05	27.633	1500
-112.552	27.554	1274
-112.392	27.508	1300
-111.444	26.517	131
-111.47	26.28	790
-109.52	29.63	0
-104.42	27.75	1900
-100.08	22.83	1550
-100.7	22.35	2035
-104.97	21.47	2240
-104.729	21.531	1680
-104.571	21.371	1120
-104.7	21.27	2020
-104.73	21.17	2000
-104.82	20.83	1780
-104.5	20.33	2080
-104.5	20.75	1700
-103.847	20.788	2920
-103.4	20.88	1820
-103.52	20.62	2270
-103.242	20.525	2160
-103.57	20.45	1990
-103.63	19.72	2920
-100.63	19.85	3400
-98.713	19.411	4120
-98.72	19.37	4080
-98.2	19.97	3020
-97.93	19.62	3050
-97.83	20.42	2250
-94.73	18.303	1250
-92.786	16.716	0
-92.694	16.743	2744
-92.539	16.447	1750
-98.02	23.2	600
-99.38	22.58	520
-98.5	19.75	3100
-91.479	14.71	3542
-91.398	14.889	3029
-90.78	14.55	2282
-90.505	14.199	1939
-90.4	14.25	1640
-90.286	14.161	1675
-90.12	14.42	1409
-90.144	14.647	2116
-89.78	14.57	1358
-91.62	14.82	3370
-91.267	14.656	3020
-89.993	14.694	2174
-89.93	14.9	386
-89.62	14.27	768
-87.845	13.275	1225
-87.767	13.229	505
-89.4	14.2	1005
-89.4	14.07	782
-89.13	14.05	420
-88.2	13.75	1500
-88.15	13.25	750
-87.999	13.435	613
-87.82	13.67	377
-87.761	13.295	158
-88.364	13.559	804
-87.72	13.19	468
-87.15	13.92	2020
-87.23	13.95	1725
-87.18	14	1280
-87.27	14.1	1593
-87.87	14.6	0
-85.515	11.446	1394
-83.968	12.549	203
-86.6	12.58	181
-86.03	11.92	600
-86.02	12.37	300
-84.08	10.97	648
-85.07	10.472	402
-84.978	10.451	634
-84.675	10.403	1357
-84.67	10.35	789
-84.708	10.022	414
-84.35	10.97	190
-83.855	10.462	136
-83.721	10.658	229
-83.53	10.586	119
-83.545	10.376	311
-83.302	9.374	3257
-87.082	5.53	575
-82.67	8.88	2986
-80.82	8.47	1297
-74.961	5.65	1163
-75.043	5.514	1620
-75.458	4.8	4584
-75.386	4.701	4756
-76.03	2.2	2500
-76.23	1.92	1900
-76.45	1.83	4300
-76.857	1.568	4180
-78.329	0.484	4535
-78.365	0.526	4254
-78.351	0.364	4939
-78.154	0.127	3989
-77.784	0.711	3624
-78.021	0.687	3967
-78.007	0.621	3870
-78.207	-0.076	4076
-78.48	-0.036	3501
-78.2	-0.174	4348
-78.418	-0.259	3185
-78.478	-0.462	4199
-77.72	-0.43	3482
-78.371	-0.534	4893
-78.504	-0.578	4712
-78.658	-0.528	4786
-78.631	-0.648	3945
-78.56	-0.962	3512
-78.666	-1.151	4153
-78.572	-1.381	3732
-77.917	-1.459	1072
-78.75	-1.404	5102
-78.639	-1.49	4430
-78.728	-1.634	3215
-78.42	-1.67	5321
-78.3	-0.804	4812
-92	1.62	168
-91.8	1.37	253
-90.708	-0.413	338
-90.68	-0.6	458
-90.07	-0.806	200
-90.45	-1.3	640
-91.63	0.27	67
-71.72	-13.58	0
-72.63	-15.23	5498
-72.9	-15.4	6093
-69.9	-17.32	5315
-68.18	-21.3	5868
-68.071	-21.981	5618
-69.13	-27.3	6052
-69.48	-17.87	5340
-68.92	-17.92	5750
-69.471	-16.236	4080
-69.03	-18.05	5300
-68.88	-18.1	6542
-69.08	-18.02	5580
-69.22	-18.07	0
-69.307	-18.241	4688
-69.05	-18.37	6052
-69.05	-18.75	5597
-68.3	-18.8	5300
-69.12	-19.5	5240
-68.68	-19.55	5365
-68.73	-19.958	5190
-68.68	-20.52	5145
-68.439	-20.643	5299
-68.47	-21.22	6176
-67.75	-21.25	4980
-68.12	-21.5	5630
-68.12	-21.68	5473
-66.88	-21.6	4000
-67.47	-21.68	4250
-67.9	-21.88	5125
-67.97	-22.05	5680
-68.228	-22.059	5946
-68.108	-22.142	5754
-67.97	-22.27	5651
-67.95	-22.18	5680
-67.77	-22.08	5750
-67.42	-22.25	5730
-67.23	-21.98	5899
-67.18	-22.27	6008
-68.02	-22.42	5314
-67.97	-22.33	5100
-67.888	-22.439	5808
-67.18	-22.82	5643
-67.05	-23.02	5770
-67.07	-23.17	5394
-67.37	-23.13	5343
-67.67	-23.2	5318
-67.75	-23.23	5029
-67.71	-23.252	5464
-67.582	-23.398	5067
-67.82	-23.45	5671
-67.77	-23.55	5790
-67.72	-23.67	5613
-67.5	-23.8	5472
-67.53	-24.03	5689
-67.85	-24.02	5216
-68.4	-24.45	0
-68.63	-25.25	4500
-68.88	-25.37	5480
-68.75	-26.4	5920
-68.27	-26.9	6018
-68.8	-27.08	6620
-69	-27.27	6250
-66.732	-24.309	6134
-66.5	-24.2	4950
-66.17	-24.75	0
-67.92	-25.55	6409
-66.92	-25.93	6000
-68.37	-26.18	6049
-68.8	-27.9	5750
-80.112	-26.294	159
-78.85	-33.658	922
-76.87	-33.427	-642
-105.47	-26.47	15
-80.811	-33.763	1266
-69.834	-36.739	1435
-71.943	-40.768	1897
-69.77	-33.359	6570
-69.83	-33.52	6019
-69	-34.67	0
-69.25	-35.75	1876
-70.48	-35.78	3140
-70.456	-34.987	3349
-68.489	-35.58	3791
-68.924	-37.738	2243
-71.58	-38.58	2554
-70.814	-38.679	2017
-71.4	-39.17	1846
-70.53	-39.17	1862
-71.55	-39.35	0
-72.008	-39.68	1632
-72.005	-41.363	1846
-72.708	-46.17	681
-72.28	18.78	831
-72.08	18.68	0
-71.33	18.87	0
-70.92	18.75	0
-70.67	18.83	0
-62.77	17.33	900
-62.992	17.508	0
-62.194	16.81	403
-62.196	16.759	741
-61.72	16.23	744
-61.7	16.12	1354
-61.75	16.12	420
-61.68	15.97	687
-61.63	15.87	274
-61.28	15.27	960
-61.12	14.7	1196
-61.08	14.65	0
-61.2	13.292	1074
-61.208	13.22	1021
-22.27	63.9	385
-21.17	64.02	497
-20.9	64.15	404
-20.3	64.32	700
-20.53	64.93	1188
-20.7	64.53	1350
-20.88	64.62	1141
-20.4	64.77	1675
-19.72	64.73	1396
-19.87	64.492	1204
-19.5	64.42	0
-18.932	63.839	956
-18.496	64.164	983
-17.21	64.781	1436
-16.48	64.97	941
-16.35	65.18	1682
-17.03	65.42	988
-16.85	65.43	1222
-16.65	65.55	953
-15.67	65.5	1035
-16.88	65.775	882
-16.875	65.875	840
13.5	79.17	1100
13.5	79.33	834
13.3	79.43	506
-24.97	16.85	725
-25.17	17.07	1979
-24.35	16.62	1270
-29.331	-20.514	600
-28.85	-20.47	175
-12.699	-37.303	563
-9.93	-40.32	910
164.58	-73.45	2987
89.3	-66.78	370
170.6	-71.7	2083
165.5	-73.45	2600
168.55	-77.52	3262
166.75	-77.75	431
167.5	-78.17	762
166.33	-78.22	1041
163.83	-78	0
164.37	-78.58	0
161.526	-77.748	1489
-132.67	-76	2787
-131.848	-74.458	488
-132.55	-74.424	487
-117.717	-76.767	3654
-110.67	-75.37	2703
-73.42	-71.55	1050
-62.33	-64.28	2522
-60.02	-62.52	530
-57	-63.6	730
-60.92	-66.25	360
168.38	-76.17	247
167.02	-76.98	740
36.285	-2.095	1225
36.1	-2.131	1527
33.648	-9.26	1541
33.746	-9.112	2481
35.75	30.73	0
101.43	-2.228	2527
101.776	-2.418	2469
102.026	-2.48	1576
118.207	-8.416	1086
165.015	-78.374	2578

