% ini datanya
%  stike   dip   rake
   193   28   68
   13   82   4
   197   42   78
   147   72   172
   187   34   41
   353   48   50
   165   20   66
   67   41   -36
   87   8   -169
   269   28   139
   14   32   99
   97   52   5
   273   35   -109
   16   73   180
   346   76   11
   350   56   20
   216   49   46
   34   42   91
   47   49   123
   31   33   98
   60   34   95
   220   32   92
   159   44   -97
   236   34   113
   141   46   -172
   11   53   2
   51   44   82
   23   35   89
   4   28   31
   278   29   113
   222   30   -21
   227   58   -2
   105   41   -53
   351   32   73
   54   44   134
   180   45   106
   147   32   112
   9   43   83
   217   42   109
   339   38   -63
   299   25   -86
   207   44   37
   175   28   86
   338   45   73
   262   70   163
   176   27   54
   57   32   -97
   234   52   -162
   157   38   -58
   352   43   85
   21   33   73
   2   68   19
   48   44   92
   228   35   109
   14   34   94
   73   80   178
   81   49   155
   34   40   98
   234   35   117
   326   51   55
   13   48   62
   346   41   42
   171   41   87
   73   53   141
   53   39   115
   182   38   68
   188   41   76
   239   33   108
   13   46   70
   224   44   113
   229   40   99
   332   47   47
   293   33   -133
   257   49   148
   19   42   87
   14   34   109
   193   30   84
   12   37   78
   58   55   142
   200   31   86
   341   61   26
   206   39   96
   35   49   121
   202   28   78
   48   69   -165
   259   34   82
   248   55   135
   196   36   44
   9   39   90
   150   49   46
   201   35   113
   339   36   90
   184   25   79
   69   29   124
   35   47   130
   180   44   103
   163   38   53
   346   48   60
   194   13   122
   244   32   58
   229   24   128
   78   67   -8
   20   43   81
   90   60   28
   342   63   22
   229   42   140
   358   44   58
   276   51   161
   193   43   90
   242   36   128
   300   43   160
   30   37   105
   267   35   154
   27   41   129
   14   50   47
   32   35   92
   202   43   105
   171   43   103
   347   41   73
   358   39   94
   219   38   137
   24   31   95
   68   65   163
   157   89   0
   354   31   66
   255   33   123
   156   69   -10
   14   37   95
   337   27   66
   358   51   47
   36   41   124
   233   29   104
   129   43   12
   143   86   -1
   327   54   16
   174   49   56
   213   37   110
   24   43   105
   14   43   95
   184   47   55
   180   44   103
   170   25   55
   204   36   109
   225   41   112
   194   30   92
   98   20   31
   346   40   94
   19   43   61
   32   36   103
   153   40   -98
   25   44   113
   175   24   51
   188   49   57
   34   27   -71
   11   41   -87
   193   28   68
   20   43   90
   21   41   86
   38   44   131
   213   20   102
   66   46   115
   213   40   106
   294   62   169
   251   69   166
   307   37   73
   78   28   168
   183   65   22
   231   29   141
   23   30   104
   43   60   157
   170   34   24
   170   34   24
   176   36   89
   8   35   78
   248   36   125
   256   39   138
   342   72   14
   342   58   16
   123   48   45
   255   26   86
   20   41   101
   213   46   116
   17   42   82
   13   82   4
   241   34   116
   267   28   90
   196   44   72
   240   39   110
   191   41   73
   42   31   104
   26   39   91
   60   48   163
   1   32   69
   20   37   24
   252   45   121
   188   43   84
   181   49   54
   254   63   161
   183   32   70
   191   41   -30
   16   46   68
   337   62   -8
   83   47   124
   24   34   100
   346   46   63
   176   39   75
   192   46   110
   158   34   51
   213   46   106
   22   39   97
   66   46   115
   204   40   78
   195   51   177
   358   9   48
   176   30   78
   10   49   57
   18   26   139
   213   40   106
   199   50   -5
   19   52   132
   170   34   24
   176   32   90
   151   41   54
   175   20   79
   22   49   121
   44   43   113
   148   33   30
   190   37   67
   16   31   83
   225   57   146
   183   37   109
   357   37   37
   175   8   90
   39   45   101
   243   46   135
   171   45   55
   173   24   79
   184   11   66
   7   37   72
   34   45   116
   232   47   134
   222   32   97
   180   28   76
   34   36   74
   354   24   43
   215   19   100
   78   28   168
   22   39   -1
   76   51   152
   225   29   90
   349   80   -11
   35   36   121
   184   11   66
   353   48   50
   193   30   58
   127   15   45
   132   86   -3
   354   43   44
   204   22   -158
   44   44   140
   259   31   140
   54   34   135
   67   49   -60
   49   42   124
   237   40   107
   333   20   71
   40   26   113
   22   38   129
   353   53   44
   342   64   12
   214   39   116
   24   38   70
   227   29   87
   190   44   72
   188   42   97
   19   42   95
   248   33   117
   264   37   141
   214   34   85
   222   39   178
   175   23   88
   15   42   80
   219   43   103
   182   28   92
   8   38   129
   350   42   79
   182   75   168
   247   33   107
   230   29   87
   188   26   94
   198   21   116
   346   46   41
   313   11   -177
   169   37   53
   189   27   83
   34   45   116
   140   40   51
   190   44   72
   351   32   73
   40   41   89
   144   17   24
   52   28   -39
   354   46   64
   180   21   102
   141   18   37
   130   28   23
   206   7   115
   128   39   -174
   9   56   38
   265   36   -178
   221   38   91
   155   40   71
   86   51   25
   254   50   128
   213   46   116
   331   39   87
   4   19   54
   47   55   140
   157   68   -14
   32   36   92
   7   25   133
   1   39   52
   343   13   -126
   207   17   136
   187   34   41
   208   19   80
   244   21   105
   185   29   67
   149   19   28
   183   21   77
   61   26   134
   202   32   107
   51   40   148
   255   38   -125
   170   25   69
   216   43   106
   25   44   113
   249   35   116
   192   28   92
   127   35   9
   80   67   20
   227   36   90
   250   33   122
   32   34   93
   45   39   82
   237   35   116
   13   35   78
   248   43   136
   46   32   109
   39   44   102
   45   37   117
   209   29   53
   195   44   54
   195   13   14
   225   35   -168
   56   34   129
   167   33   53
   354   50   51
   19   39   89
   22   41   74
   182   10   -81
   204   36   96
   3   33   99
   17   35   92
   278   18   -128
   161   36   59
   127   21   30
   200   42   109
   59   32   111
   68   30   171
   175   25   58
   330   39   43
   348   35   53
   177   27   59
   158   57   33
   164   47   47
   123   9   52
   207   45   112
   164   53   39
   198   33   116
   335   56   37
   350   14   106
   140   36   72
   35   33   84
   358   12   70
   26   26   92
   134   34   42
   97   83   -175
   359   24   -36
   202   23   90
   356   28   76
   20   43   55
   210   32   2
   16   39   66
   163   22   56
   355   17   85
   323   27   69
   28   32   102
   43   30   136
   334   44   -85
   218   48   114
   81   18   44
   31   27   89
   177   28   74
   23   30   104
   211   42   98
   197   34   67
   228   23   108
   246   27   117
   14   32   99
   326   58   -3
   171   8   73
   23   33   88
   358   12   70
   20   43   83
   20   43   83
   170   46   52
   210   41   90
   352   40   79
   27   35   108
   244   32   58
   267   28   90
   127   56   5
   216   35   81
   5   39   75
   40   26   107
   250   33   123
   247   32   116
   40   78   180
   213   43   102
   197   43   91
   241   32   107
   240   35   116
   142   82   6
   85   50   138
   19   39   81
   214   39   88
   355   17   85
   334   44   -85
   11   42   87
   270   11   166
   58   53   152
   23   30   104
   23   33   88
   159   44   73
   21   42   90
   229   81   114
   236   57   104
   161   82   84
   141   86   93
   212   42   112
   147   76   58
   44   18   134
   201   53   111
   10   71   98
   211   54   88
   150   59   61
   177   63   91
   3   57   57
   75   74   -173
   195   57   96
   83   18   123
   107   12   116
   24   73   85
   107   17   57
   321   76   99
   339   26   22
   192   35   120
   339   43   111
   85   78   96
   223   23   98
   34   36   74
   180   38   12
   200   36   109
   59   25   90
   298   23   45
   51   39   123
   63   39   165
   28   36   107
   9   36   96
   208   30   102
   244   33   119
   275   58   -35
   164   46   36
   263   7   180
   80   28   117
   9   40   56
   79   35   133
   80   60   -164
   242   29   113
   226   51   100
   2   51   55
   18   45   73
   148   48   28
   349   41   23
   40   35   101
   209   31   99
   195   41   67
   228   45   114
   239   65   90
   208   30   102
   16   42   74
   192   70   -86
   182   88   106
   345   58   63
   33   64   68
   191   58   66
   5   30   83
   10   61   39
   126   87   88
   19   73   68
   211   29   113
   206   59   110
   221   65   95
   179   63   49
   99   88   -90
   62   82   151
   229   28   106
   30   26   80
   235   18   123
   32   26   122
   111   87   -85
   6   42   101
   181   77   88
   258   50   139
   188   39   83
   349   50   34
   206   43   86
   211   35   108
   219   44   113
   194   30   83
   127   44   2
   23   37   91
   247   32   119
   22   62   124
   315   80   57
   2   50   93
   29   36   94
   34   60   83
   31   64   82
   244   65   115
   212   59   60
   3   60   89
   213   69   132
   349   59   82
   334   63   58
   10   81   84
   14   62   103
   17   54   113
   234   69   -46
   188   56   82
   33   61   77
   206   53   119
   18   77   -93
   165   88   33
   22   75   111
   158   71   71
   33   63   71
   127   69   37
   28   61   82
   270   56   -129
   44   60   105
   197   54   91
   205   80   81
   26   54   96
   165   67   27
   201   41   94
   207   33   111
   224   30   103
   196   37   82
   4   45   77
   202   59   75
   238   34   82
   219   45   119
   11   45   75
   344   79   11
   183   33   104
   37   37   93
   206   44   100
   332   39   42
   168   84   -72
   29   63   75
   181   58   57
   223   52   114
   24   49   88
   29   73   82
   65   59   127
   7   88   87
   16   49   67
   128   73   -21
   24   76   83
   23   47   72
   81   63   110
   226   69   129
   72   61   102
   180   54   95
   231   66   100
   342   38   95
   188   80   85
   230   24   118
   295   88   85
   295   22   3
   44   43   113
   96   54   20
   298   84   85
   246   30   119
   223   33   56
   236   29   108
   248   80   179
   229   50   135
   193   30   94
   201   39   109
   251   44   107
   28   63   91
   6   46   92
   354   54   119
   16   81   68
   46   58   115
   11   74   77
   47   55   108
   12   73   77
   318   75   68
   181   64   103
   17   69   92
   209   50   89
   209   57   102
   206   74   101
   215   75   -95
   177   85   92
   28   66   66
   229   66   118
   10   42   82
   43   56   121
   197   6   121
   330   57   31
   51   39   123
   167   74   58
   263   7   180
   16   28   98
   186   31   74
   8   34   78
   59   49   153
   34   72   104
   4   62   83
   21   66   123
   200   48   97
   176   26   86
   204   52   88
   275   85   -18
   177   72   59
   36   65   75
   346   52   77
   189   53   85
   24   59   121
   206   78   -83
   188   46   104
   336   52   59
   110   14   41
   334   72   4
   356   13   -119
   31   65   79
   33   42   114
   353   53   36
   23   36   82
   51   26   86
   345   49   32
   201   62   68
   26   71   123
   357   56   77
   205   55   91
   175   64   55
   153   79   -2
   94   84   -80
   222   46   101
   22   77   115
   279   62   -44
   215   57   98
   17   62   72
   202   46   103
   12   51   98
   232   33   121
   4   45   77
   213   26   54
   19   40   96
   5   27   62
   207   48   121
   34   63   78
   214   60   106
   313   30   74
   283   68   -42
   86   80   101
   165   66   47
   12   47   88
   50   55   131
   203   49   81
   230   72   135
   34   51   91
   2   43   70
   1   54   80
   198   43   81
   266   51   132
   190   25   94
   1   53   53
   153   63   83
   35   80   -94
   14   48   116
   12   47   80
   13   63   116
   182   74   114
   21   71   75
   197   58   85
   32   65   72
   319   73   31
   22   72   56
   240   24   126
   267   38   149
   37   40   102
   194   72   81
   355   49   63
   33   69   129
   24   71   65
   217   50   109
   220   53   118
   204   56   91
   145   50   -47
   29   79   -89
   334   61   115
   12   66   100
   148   84   13
   15   64   102
   295   71   52
   321   54   67
   201   37   77
   18   34   79
   35   11   122
   183   81   84
   205   57   82
   20   80   173
   342   51   35
   216   58   103
   173   80   79
   358   75   104
