126.688   -5.401  10.0  235  69  21  6.2  X   Y   0
118.243   4.924  13.2  327  83  -20  6.28  X   Y   1
126.15   -2.88  43.4  91  83  3  6.3  X   Y   2
118.965   -7.715  20.0  171  76  -162  5.5  X   Y   3
120.486   -1.909  35.0  33  86  167  6.12  X   Y   4
126.11   -2.31  15.0  104  43  -75  6.2  X   Y   5
126.656   -1.955  25.0  264  48  -104  6.25  X   Y   6
120.653   -0.808  35.0  310  65  -140  5.84  X   Y   7
124.08   -0.31  46.1  97  83  -175  5.4  X   Y   8
123.377   -4.267  30.0  123  24  19  5.44  X   Y   9
124.597   4.664  35.0  135  88  -14  6.22  X   Y   10
121.26   -2.12  36.4  2  46  56  5.2  X   Y   11
119.8   -2.95  15.0  18  36  -150  5.9  X   Y   12
125.744   -6.201  40.3  305  88  163  6.41  X   Y   13
122.014   -2.704  20.0  221  82  -110  6.07  X   Y   14
121.98   -3.55  15.0  110  22  -22  6.1  X   Y   15
125.21   -2.46  36.0  103  59  -14  5.3  X   Y   16
124.676   -1.947  18.2  103  59  -14  5.33  X   Y   17
118.91   4.41  15.0  25  71  161  5.5  X   Y   18
118.38   4.748  15.0  122  72  20  5.55  X   Y   19
118.85   -4.22  15.7  38  24  100  5.6  X   Y   20
123.39   -0.01  36.0  220  36  126  5.7  X   Y   21
124.23   -7.99  34.8  134  38  -140  5.2  X   Y   22
121.31   -2.22  26.3  20  59  -146  5.6  X   Y   23
126.631   -1.874  20.2  174  49  -64  5.46  X   Y   24
123.36   -7.85  39.8  6  78  7  5.9  X   Y   25
125.89   2.22  40.4  339  26  22  5.5  X   Y   26
123.26   -6.08  18.0  40  35  57  5.5  X   Y   27
122.614   -5.968  30.0  258  61  111  5.55  X   Y   28
119.91   0.58  45.0  344  18  6  5.3  X   Y   29
120.977   1.159  30.0  278  79  99  6.4  X   Y   30
120.8   1.196  28.3  290  79  104  6.45  X   Y   31
120.798   1.181  27.7  290  74  125  6.45  X   Y   32
118.779   -2.803  28.1  194  74  90  6.66  X   Y   33
119.61   0.84  49.0  319  21  -56  5.4  X   Y   34
125.978   -4.784  39.5  246  79  -13  6.15  X   Y   35
123.193   -3.433  20.0  179  22  97  5.35  X   Y   36
125.382   0.368  35.0  24  76  83  5.76  X   Y   37
119.42   -2.43  40.5  44  61  165  5.9  X   Y   38
120.24   -2.17  10.6  307  41  -19  5.5  X   Y   39
119.625   -2.034  20.0  51  78  -130  5.53  X   Y   40
119.625   -2.14  20.0  153  88  53  5.89  X   Y   41
119.61   -2.036  20.0  312  72  -28  6.39  X   Y   42
119.38   -1.32  43.9  283  84  -3  6.6  X   Y   43
119.729   -1.989  45.0  14  87  -174  6.65  X   Y   44
125.64   -2.3  13.6  309  15  146  5.5  X   Y   45
125.158   4.406  45.8  344  49  62  5.68  X   Y   46
125.596   4.054  31.7  187  61  100  5.58  X   Y   47
124.88   3.63  34.4  359  29  76  5.2  X   Y   48
125.428   3.724  19.9  359  29  76  5.25  X   Y   49
125.3   -2.033  30.0  69  83  -14  5.92  X   Y   50
125.21   1.51  29.6  56  60  8  5.1  X   Y   51
122.141   -0.297  20.0  176  87  9  5.52  X   Y   52
125.81   2.11  15.0  210  32  2  5.4  X   Y   53
126.1   2.66  18.6  34  45  116  5.2  X   Y   54
123.266   -3.759  19.9  330  73  69  5.82  X   Y   55
121.52   1.093  35.0  194  50  -98  5.74  X   Y   56
121.18   -7.94  30.4  83  45  139  6.6  X   Y   57
126.57   4.91  46.7  47  55  140  5.3  X   Y   58
126.42   4.77  48.4  207  33  111  5.7  X   Y   59
126.03   -2.36  34.6  61  62  29  5.1  X   Y   60
126.311   -2.946  25.0  61  62  29  5.12  X   Y   61
125.162   -2.134  22.1  71  62  -21  5.12  X   Y   62
121.154   -7.909  25.0  87  83  171  5.59  X   Y   63
122.68   -0.47  33.0  229  41  -156  5.1  X   Y   64
123.59   1.9  31.8  60  38  41  5.3  X   Y   65
123.77   1.92  38.1  59  32  56  5.5  X   Y   66
123.97   2.12  33.0  58  17  57  5.3  X   Y   67
119.57   -2.84  15.0  264  55  -15  5.2  X   Y   68
123.89   1.197  30.0  227  63  81  5.97  X   Y   69
123.01   1.94  15.0  72  29  49  5.2  X   Y   70
121.436   1.086  30.9  196  62  -105  5.58  X   Y   71
126.92   0.93  15.0  157  68  -14  5.3  X   Y   72
124.043   1.089  30.7  352  40  107  5.28  X   Y   73
124.014   1.038  30.9  322  48  67  5.79  X   Y   74
124.023   1.141  34.8  153  49  97  6.06  X   Y   75
126.516   -7.469  25.0  283  59  106  6.57  X   Y   76
124.74   -7.76  44.3  62  29  89  5.6  X   Y   77
122.4   -7.61  43.7  14  83  -1  5.8  X   Y   78
122.098   1.238  30.0  286  66  108  5.93  X   Y   79
126.81   -3.42  33.0  212  82  -178  5.1  X   Y   80
125.89   -0.331  48.7  85  78  96  5.5  X   Y   81
124.081   1.055  33.6  334  52  107  5.94  X   Y   82
124.186   1.109  30.0  273  52  84  5.7  X   Y   83
124.117   1.024  32.2  97  50  95  5.95  X   Y   84
124.04   1.1  17.8  280  41  83  5.8  X   Y   85
119.5   -1.6  31.0  68  72  173  5.1  X   Y   86
126.65   -3.22  15.0  72  61  -3  5.2  X   Y   87
126.732   -3.088  17.3  72  61  -3  5.24  X   Y   88
120.72   -4.06  43.5  203  43  91  5.3  X   Y   89
120.1   -4.4  25.0  203  43  91  5.5  X   Y   90
124.3   -1.0  34.0  309  10  127  5.8  X   Y   91
122.43   2.11  47.9  98  35  102  5.2  X   Y   92
122.7   0.5  46.0  274  24  -138  5.3  X   Y   93
125.0   1.2  36.0  35  11  122  6.3  X   Y   94
125.92   2.23  15.0  356  13  -119  6.0  X   Y   95
124.88   -7.71  33.0  41  37  56  5.3  X   Y   96
125.14   -7.71  33.0  46  32  76  5.5  X   Y   97
126.9   -2.56  42.5  42  41  -6  5.4  X   Y   98
124.1   -0.4  35.0  180  38  12  5.5  X   Y   99
119.81   -2.97  33.0  216  68  177  5.3  X   Y   100
120.8   2.0  39.0  39  73  -3  5.1  X   Y   101
120.858   1.965  30.0  130  88  -163  5.65  X   Y   102
121.1   -1.6  50.0  142  74  16  5.2  X   Y   103
121.0   -0.25  43.2  142  74  16  5.2  X   Y   104
121.3   -2.7  30.0  24  81  178  4.8  X   Y   105
121.93   -1.89  49.0  24  81  178  5.2  X   Y   106
121.183   -2.369  35.0  24  81  178  5.23  X   Y   107
125.48   -1.99  33.0  280  70  -5  5.3  X   Y   108
123.61   0.46  33.0  109  57  -24  5.0  X   Y   109
123.473   0.451  47.5  109  57  -24  5.04  X   Y   110
122.0   0.6  35.0  185  37  -93  5.5  X   Y   111
121.72   1.32  17.8  185  37  -93  5.9  X   Y   112
121.618   1.241  28.0  9  53  -87  5.95  X   Y   113
119.3   1.0  33.0  165  72  161  4.7  X   Y   114
120.2   0.3  21.0  36  6  54  5.5  X   Y   115
119.88   0.66  26.7  53  57  -8  5.5  X   Y   116
119.621   0.489  30.7  235  86  34  5.61  X   Y   117
124.734   -2.006  35.2  297  62  3  5.44  X   Y   118
127.039   -3.913  36.2  279  33  101  5.25  X   Y   119
126.1   3.3  33.0  354  24  43  5.2  X   Y   120
120.97   1.79  33.0  47  24  38  5.1  X   Y   121
120.26   1.69  43.4  40  21  50  5.3  X   Y   122
120.453   0.332  28.5  200  63  -102  5.66  X   Y   123
120.58   1.75  33.0  95  21  82  5.2  X   Y   124
120.32   1.43  18.0  52  17  66  5.8  X   Y   125
119.2   0.8  31.0  142  57  175  4.8  X   Y   126
117.58   -7.978  28.5  229  68  9  5.1  X   Y   127
125.411   0.398  50.0  29  73  82  5.75  X   Y   128
120.33   -1.95  42.1  287  46  -59  5.4  X   Y   129
121.7   -0.9  36.0  322  86  2  5.2  X   Y   130
124.4   -1.13  35.3  313  65  27  5.1  X   Y   131
119.7   -3.9  33.0  13  40  110  6.0  X   Y   132
124.61   -1.19  34.5  206  81  175  5.5  X   Y   133
124.02   -0.883  49.4  297  85  9  5.52  X   Y   134
125.56   -2.24  31.5  109  66  22  5.3  X   Y   135
119.563   0.268  30.0  207  72  28  6.61  X   Y   136
120.99   1.8  38.3  268  69  -3  5.0  X   Y   137
124.06   -6.1  46.0  37  27  89  5.1  X   Y   138
125.4   -2.9  8.0  181  29  130  5.0  X   Y   139
126.23   -2.761  30.0  181  29  130  5.22  X   Y   140
122.7   -0.6  34.0  166  56  147  4.8  X   Y   141
124.5   4.85  36.8  201  33  129  5.3  X   Y   142
120.1   -0.8  28.0  355  31  35  5.5  X   Y   143
120.55   0.32  30.3  355  31  35  6.0  X   Y   144
119.8   -0.3  33.0  359  34  41  6.0  X   Y   145
125.2   -7.5  40.0  34  28  77  5.2  X   Y   146
126.02   -7.61  42.7  34  28  77  5.4  X   Y   147
123.154   -3.493  25.0  222  53  -102  5.61  X   Y   148
123.713   -1.274  25.0  332  86  5  5.92  X   Y   149
119.568   0.295  36.8  15  87  -16  5.47  X   Y   150
126.5   -2.79  15.0  149  41  142  5.7  X   Y   151
123.4   -4.5  45.0  308  51  -25  5.0  X   Y   152
121.496   -0.381  42.0  93  58  -31  5.44  X   Y   153
124.21   0.97  39.4  227  30  70  5.3  X   Y   154
122.578   -1.715  25.0  216  86  -170  6.13  X   Y   155
122.606   -1.761  24.2  145  74  21  5.53  X   Y   156
125.46   0.31  41.3  231  29  141  5.1  X   Y   157
121.1   -0.6  0.0  265  43  -93  5.7  X   Y   158
122.83   -7.03  33.0  234  40  70  5.1  X   Y   159
121.28   -7.7  41.1  234  40  70  5.6  X   Y   160
120.736   -7.931  25.0  88  50  118  5.74  X   Y   161
126.76   -0.28  12.0  23  30  104  5.1  X   Y   162
120.76   -0.27  33.0  45  37  -76  5.1  X   Y   163
120.84   1.219  30.0  45  37  -76  5.31  X   Y   164
124.71   4.64  28.0  203  58  -168  5.2  X   Y   165
123.1   -1.54  33.0  219  77  175  4.7  X   Y   166
123.376   -1.212  30.0  310  85  13  5.69  X   Y   167
121.879   -2.668  38.0  213  70  -158  5.19  X   Y   168
122.471   -2.608  45.0  15  85  166  5.54  X   Y   169
123.409   -1.437  30.0  336  58  48  5.55  X   Y   170
123.197   -4.34  20.0  16  64  70  6.24  X   Y   171
123.57   -1.41  21.0  223  67  -178  4.3  X   Y   172
118.31   1.3  21.0  68  16  64  4.4  X   Y   173
118.392   1.065  17.8  68  16  64  5.41  X   Y   174
121.53   0.29  33.0  5  63  -19  5.5  X   Y   175
123.312   -1.373  15.0  218  80  153  5.51  X   Y   176
122.84   -5.3  33.0  261  18  89  5.0  X   Y   177
123.344   -5.809  15.0  261  18  89  5.17  X   Y   178
124.0   -1.62  33.0  42  77  178  5.5  X   Y   179
121.45   -0.99  33.0  124  8  -49  5.1  X   Y   180
121.88   -1.01  33.0  124  8  -49  5.4  X   Y   181
119.95   -0.49  20.0  108  54  -150  4.5  X   Y   182
120.25   -0.62  27.2  108  54  -150  5.4  X   Y   183
121.12   -1.09  33.0  211  42  98  4.3  X   Y   184
122.16   0.28  33.0  351  45  48  4.6  X   Y   185
122.53   -5.35  33.0  296  30  69  4.2  X   Y   186
124.773   -7.846  30.5  296  30  69  5.3  X   Y   187
125.16   -7.24  28.1  296  30  69  5.3  X   Y   188
121.88   -0.93  15.0  318  47  -35  5.1  X   Y   189
124.15   -5.29  33.0  180  42  -155  4.8  X   Y   190
125.61   -1.17  33.0  223  26  92  5.4  X   Y   191
125.17   0.47  33.0  269  28  139  4.8  X   Y   192
123.39   -3.9  33.0  228  11  142  5.0  X   Y   193
123.28   -4.258  20.0  355  83  82  5.59  X   Y   194
123.82   -3.9  16.0  228  11  142  5.6  X   Y   195
120.637   -7.426  25.0  14  28  70  5.4  X   Y   196
121.22   -7.32  39.0  14  28  70  5.4  X   Y   197
125.34   1.39  15.0  313  11  -177  5.2  X   Y   198
124.26   -5.2  34.1  185  72  -172  5.3  X   Y   199
124.33   -3.86  15.0  97  44  9  5.4  X   Y   200
124.044   -4.964  30.0  101  76  17  5.65  X   Y   201
122.236   -2.963  35.2  104  24  12  5.27  X   Y   202
119.0   -1.0  33.0  170  50  12  5.0  X   Y   203
126.08   -2.07  21.0  277  19  -160  5.4  X   Y   204
120.07   -3.66  33.0  272  30  -7  4.5  X   Y   205
122.5   -0.7  21.0  221  64  175  5.3  X   Y   206
119.41   -1.11  35.0  100  37  -165  4.7  X   Y   207
119.836   0.692  35.0  100  37  -165  5.13  X   Y   208
122.52   -3.89  33.0  225  27  143  4.8  X   Y   209
123.295   -4.174  15.0  225  27  143  5.42  X   Y   210
125.08   -1.28  32.0  217  16  119  4.8  X   Y   211
125.33   1.1  33.0  228  23  108  5.4  X   Y   212
125.42   3.71  48.0  46  44  126  5.4  X   Y   213
125.533   3.461  35.0  46  44  126  5.42  X   Y   214
119.39   -0.92  21.0  9  20  49  5.0  X   Y   215
119.61   -1.545  35.8  9  20  49  5.24  X   Y   216
119.833   0.454  17.0  84  71  -141  5.86  X   Y   217
121.917   1.087  27.5  105  23  95  5.21  X   Y   218
124.27   1.16  33.0  199  50  -5  5.1  X   Y   219
124.23   0.71  24.6  199  50  -5  5.1  X   Y   220
123.963   -0.012  24.6  199  50  -5  5.13  X   Y   221
121.361   -1.314  20.0  210  52  112  6.16  X   Y   222
121.3   -1.26  15.0  357  43  65  6.2  X   Y   223
123.2   -1.16  34.0  224  62  154  4.9  X   Y   224
122.018   -0.733  20.1  327  40  -98  5.17  X   Y   225
121.95   -0.87  33.0  294  46  -110  5.4  X   Y   226
125.043   -7.81  15.0  272  37  104  5.28  X   Y   227
124.15   -0.17  39.0  176  36  89  5.1  X   Y   228
121.03   1.51  41.8  125  17  113  5.5  X   Y   229
123.97   -0.81  41.4  91  74  -175  5.1  X   Y   230
124.95   -1.61  26.2  319  53  8  5.4  X   Y   231
123.98   -1.64  30.0  319  53  8  5.4  X   Y   232
121.27   -2.88  33.0  281  23  -84  5.0  X   Y   233
121.94   -7.86  15.0  299  10  74  5.2  X   Y   234
125.96   -3.54  35.0  61  69  2  4.9  X   Y   235
123.08   0.67  9.4  147  39  143  4.7  X   Y   236
125.5   -2.44  43.0  345  41  121  5.1  X   Y   237
125.081   -2.074  15.0  126  56  66  5.58  X   Y   238
123.2   -7.63  33.0  230  39  26  4.9  X   Y   239
124.9   -6.69  33.0  167  36  -163  5.3  X   Y   240
125.85   -7.43  33.0  223  39  49  5.1  X   Y   241
124.65   0.81  33.0  45  71  3  5.0  X   Y   242
122.5   -5.9  33.0  30  40  88  4.8  X   Y   243
122.7   -5.06  17.9  30  40  88  4.8  X   Y   244
126.63   -0.19  20.8  105  41  -53  4.9  X   Y   245
120.02   -2.88  33.0  318  41  83  4.3  X   Y   246
120.43   4.8  25.0  318  41  83  5.0  X   Y   247
119.57   -0.96  26.5  351  63  -21  4.9  X   Y   248
121.8   -1.26  42.0  24  35  17  4.7  X   Y   249
124.77   -7.99  23.6  108  46  146  5.0  X   Y   250
125.36   -7.96  16.3  86  33  74  5.1  X   Y   251
125.06   -7.97  13.0  61  28  75  5.2  X   Y   252
124.928   -7.916  10.0  92  29  101  5.38  X   Y   253
125.87   -2.8  20.0  92  45  -103  5.3  X   Y   254
126.101   -3.389  10.0  92  45  -103  5.33  X   Y   255
125.32   -7.96  17.6  74  43  0  5.3  X   Y   256
124.8   -6.6  33.0  49  73  -174  5.0  X   Y   257
125.174   -7.892  17.5  49  73  -174  5.11  X   Y   258
126.596   -2.006  15.0  90  51  -48  5.18  X   Y   259
123.9   -0.2  14.9  150  49  46  5.0  X   Y   260
122.174   -5.652  11.6  179  49  59  6.44  X   Y   261
122.3   -5.9  33.0  41  49  121  6.9  X   Y   262
122.41   -5.62  20.2  161  37  88  4.9  X   Y   263
124.716   -7.931  26.1  227  32  43  5.36  X   Y   264
124.82   -7.993  29.6  143  81  12  5.78  X   Y   265
126.3   -1.0  30.0  254  50  128  5.4  X   Y   266
120.0   1.5  33.0  116  68  -21  4.7  X   Y   267
126.5   -2.8  18.7  27  38  93  5.6  X   Y   268
125.9   -2.8  33.0  80  44  -141  4.7  X   Y   269
123.7   -5.4  30.0  225  31  -134  5.1  X   Y   270
123.733   -7.862  15.0  101  60  171  5.09  X   Y   271
124.6   -0.8  33.0  259  31  140  5.2  X   Y   272
119.94   -0.24  12.0  89  75  -170  5.0  X   Y   273
117.898   1.57  15.0  120  38  93  5.4  X   Y   274
125.56   1.67  10.0  54  34  135  5.2  X   Y   275
124.05   -0.64  13.9  14  35  -5  5.0  X   Y   276
123.108   -5.17  15.0  318  75  51  5.58  X   Y   277
125.92   -0.24  31.4  267  38  149  6.3  X   Y   278
126.79   -4.71  15.0  221  80  -2  6.1  X   Y   279
121.832   1.25  36.6  240  28  -98  5.33  X   Y   280
121.836   1.205  24.4  69  63  -97  5.52  X   Y   281
119.695   0.231  35.0  351  45  -94  5.22  X   Y   282
126.865   -4.672  16.0  97  62  106  5.79  X   Y   283
121.79   1.28  46.3  85  37  90  4.9  X   Y   284
126.21   -2.86  21.0  175  44  121  5.0  X   Y   285
126.21   -2.87  10.0  140  39  79  5.4  X   Y   286
125.65   4.78  10.0  329  25  84  5.3  X   Y   287
121.637   -4.045  15.0  114  44  -110  5.19  X   Y   288
119.287   -3.738  31.8  209  46  110  5.07  X   Y   289
121.87   -0.56  22.2  166  85  -2  4.9  X   Y   290
126.802   -0.014  40.0  177  85  92  5.89  X   Y   291
126.18   -3.7  25.1  345  83  176  5.1  X   Y   292
123.308   -3.615  15.0  96  33  -74  5.08  X   Y   293
123.54   -3.56  0.6  96  33  -74  5.4  X   Y   294
119.546   -1.444  16.1  28  19  95  5.18  X   Y   295
119.43   -1.35  33.0  28  19  95  5.8  X   Y   296
125.82   -0.9  32.4  234  37  44  5.1  X   Y   297
122.49   -7.55  20.9  129  82  177  5.1  X   Y   298
123.46   2.54  33.0  67  45  78  6.3  X   Y   299
122.721   -5.882  15.0  207  48  63  5.39  X   Y   300
118.03   -3.536  40.0  261  53  128  5.78  X   Y   301
121.8   -7.98  21.2  105  79  175  5.0  X   Y   302
118.28   4.66  12.0  134  80  8  5.0  X   Y   303
122.742   -0.52  21.8  177  63  -20  5.27  X   Y   304
122.66   -0.62  40.0  177  63  -20  5.8  X   Y   305
119.63   -0.338  35.0  230  47  125  5.04  X   Y   306
120.64   0.2  33.0  314  35  35  6.5  X   Y   307
121.888   1.336  30.0  119  29  121  5.07  X   Y   308
122.0   -1.48  10.0  119  29  121  5.3  X   Y   309
126.64   -2.91  15.0  325  79  180  5.2  X   Y   310
122.14   2.14  29.6  250  29  37  5.2  X   Y   311
126.415   -4.073  18.4  344  80  176  5.13  X   Y   312
122.295   1.351  29.2  270  74  88  5.68  X   Y   313
124.4   4.65  27.3  149  84  5  5.2  X   Y   314
129.98   2.44  22.5  40  42  133  5.4  X   Y   315
120.866   1.165  25.0  262  68  92  5.75  X   Y   316
125.96   2.67  30.0  188  39  83  5.6  X   Y   317
123.228   -3.557  15.0  240  52  -107  5.75  X   Y   318
126.05   -7.38  20.3  318  69  169  4.9  X   Y   319
123.242   -3.62  15.0  84  50  -55  5.39  X   Y   320
123.262   -3.572  15.0  72  38  -89  5.49  X   Y   321
125.93   -7.34  10.0  318  69  169  5.6  X   Y   322
120.975   1.18  38.1  87  24  96  5.16  X   Y   323
120.75   1.28  10.0  87  24  96  5.6  X   Y   324
118.877   -7.998  17.6  88  22  96  4.98  X   Y   325
120.0   -0.5  19.9  73  65  -179  4.8  X   Y   326
122.21   1.66  15.0  96  22  97  5.2  X   Y   327
122.41   -0.8  10.0  128  39  -62  5.8  X   Y   328
119.397   -1.478  15.0  348  66  0  5.36  X   Y   329
123.68   -1.19  28.5  218  61  158  5.1  X   Y   330
123.749   -1.202  28.5  218  61  158  5.11  X   Y   331
123.66   -1.27  10.0  218  61  158  5.5  X   Y   332
124.84   -0.88  36.2  161  34  83  5.1  X   Y   333
124.68   -0.98  10.0  161  34  83  5.6  X   Y   334
125.67   -7.29  10.0  93  43  87  6.1  X   Y   335
126.494   -7.613  20.0  108  72  169  5.01  X   Y   336
125.5   1.54  30.0  190  44  72  5.0  X   Y   337
122.05   -5.93  11.0  62  29  139  4.9  X   Y   338
126.56   -4.76  19.0  82  76  4  5.0  X   Y   339
117.58   -5.96  16.6  156  77  -168  5.4  X   Y   340
119.78   -0.85  23.0  73  74  -178  5.3  X   Y   341
121.487   -2.446  20.0  19  87  161  6.07  X   Y   342
122.857   -4.451  15.0  236  81  -148  6.13  X   Y   343
123.02   -0.14  35.0  59  40  126  6.1  X   Y   344
125.41   1.0  10.0  80  67  20  5.3  X   Y   345
121.779   0.972  27.0  110  48  -148  5.02  X   Y   346
121.77   -0.97  10.0  110  48  -148  5.2  X   Y   347
121.721   -4.083  15.0  142  45  -75  5.21  X   Y   348
121.732   -4.074  12.3  131  45  -79  5.49  X   Y   349
125.155   -2.111  15.0  334  37  104  5.13  X   Y   350
121.57   1.4  20.5  354  42  -100  5.0  X   Y   351
121.929   -0.642  17.0  10  51  -28  5.47  X   Y   352
120.39   0.14  41.0  300  42  26  5.9  X   Y   353
126.524   -1.458  20.0  346  49  -75  5.82  X   Y   354
119.48   -1.17  10.0  17  21  72  5.6  X   Y   355
119.93   -0.35  12.7  250  62  -161  4.8  X   Y   356
124.34   -6.33  10.0  36  82  -4  4.8  X   Y   357
121.94   -2.65  15.0  121  59  4  5.3  X   Y   358
121.85   -2.59  10.0  118  44  1  5.7  X   Y   359
121.0   1.84  10.0  12  57  3  4.9  X   Y   360
125.377   0.356  45.0  29  63  75  5.72  X   Y   361
121.87   -2.63  16.4  129  54  8  5.2  X   Y   362
121.939   -2.618  15.0  111  54  -3  5.3  X   Y   363
122.02   -2.67  10.0  132  68  -2  5.1  X   Y   364
118.26   4.66  13.9  110  52  -16  4.8  X   Y   365
122.02   -2.63  12.0  111  54  -3  5.3  X   Y   366
123.77   -7.97  12.0  93  29  114  5.2  X   Y   367
123.72   -0.16  10.0  268  27  113  5.0  X   Y   368
122.12   1.28  45.0  105  22  99  5.2  X   Y   369
122.131   1.198  35.0  276  67  87  5.51  X   Y   370
122.2   1.82  38.8  93  28  91  5.6  X   Y   371
122.21   1.45  10.0  102  20  101  5.7  X   Y   372
117.55   -7.96  20.7  79  45  81  4.9  X   Y   373
123.863   -0.675  35.0  224  73  -155  6.1  X   Y   374
125.8   -5.19  19.0  132  81  -177  5.4  X   Y   375
119.839   0.109  33.6  330  37  37  5.35  X   Y   376
117.74   3.0  23.3  221  78  178  4.8  X   Y   377
119.8   -0.64  28.2  330  38  -19  4.9  X   Y   378
120.95   -1.15  20.2  146  74  8  4.9  X   Y   379
121.39   -1.03  18.3  346  51  53  4.8  X   Y   380
121.617   -0.912  16.5  43  75  169  5.27  X   Y   381
122.72   -0.59  12.5  166  53  -8  4.8  X   Y   382
123.33   -3.28  15.2  175  33  -91  4.9  X   Y   383
122.285   1.446  21.0  278  68  87  5.6  X   Y   384
124.1   -4.45  15.6  15  44  179  4.9  X   Y   385
122.62   -5.61  17.1  8  43  79  4.8  X   Y   386
121.363   -0.907  15.3  249  30  -134  5.05  X   Y   387
126.26   -1.25  18.3  352  29  -82  5.1  X   Y   388
122.97   1.93  16.7  110  32  -92  5.3  X   Y   389
122.858   -4.314  15.0  144  59  -3  4.96  X   Y   390
120.02   -0.17  39.7  147  32  54  4.9  X   Y   391
120.04   0.23  46.1  159  48  -176  5.3  X   Y   392
121.55   2.4  43.5  69  66  16  5.0  X   Y   393
122.56   -2.8  27.4  125  62  11  5.0  X   Y   394
122.383   -2.928  19.8  38  81  158  5.63  X   Y   395
120.95   -2.09  19.9  39  70  173  4.7  X   Y   396
120.026   0.158  35.0  174  19  -143  5.1  X   Y   397
119.761   4.627  18.2  198  37  128  5.63  X   Y   398
119.435   -2.494  17.6  52  43  -159  5.53  X   Y   399
122.378   -0.59  25.1  263  29  -161  6.06  X   Y   400
121.02   -1.12  18.1  52  70  165  4.8  X   Y   401
122.25   -0.66  17.6  167  45  -7  5.0  X   Y   402
117.683   3.662  16.0  94  79  4  6.05  X   Y   403
125.4   -2.95  19.1  323  39  90  4.9  X   Y   404
121.77   1.19  44.4  98  36  91  4.9  X   Y   405
126.766   -7.932  25.6  91  47  114  4.99  X   Y   406
126.76   -7.99  13.3  81  46  122  5.3  X   Y   407
126.28   -2.4  22.9  301  45  53  4.9  X   Y   408
126.69   -2.65  17.1  152  46  115  4.9  X   Y   409
122.15   -2.76  16.0  119  41  -8  5.7  X   Y   410
120.69   -1.01  17.9  130  65  2  4.9  X   Y   411
121.81   -2.62  15.7  129  45  -3  5.3  X   Y   412
126.137   -3.623  20.1  260  90  -3  5.78  X   Y   413
121.899   -7.634  20.9  111  72  -167  4.96  X   Y   414
118.823   -7.871  23.9  77  70  1  5.1  X   Y   415
126.735   -2.735  9.9  315  26  72  6.0  X   Y   416
126.85   -2.65  14.4  304  44  55  4.9  X   Y   417
125.79   -7.447  17.7  53  45  59  4.97  X   Y   418
119.67   -0.78  30.2  7  34  56  4.9  X   Y   419
120.02   -0.4  12.0  181  77  -1  5.2  X   Y   420
119.852   -0.345  25.4  359  66  -14  6.06  X   Y   421
119.65   0.0  15.0  311  27  12  5.3  X   Y   422
119.867   -0.695  24.2  349  38  -3  5.34  X   Y   423
119.89   -0.52  12.0  258  76  167  5.8  X   Y   424
121.52   1.43  22.6  186  44  -76  4.8  X   Y   425
126.646   -5.087  19.0  325  78  170  5.66  X   Y   426
119.54   -2.82  12.0  6  64  173  4.7  X   Y   427
119.48   -2.83  12.0  121  51  2  5.2  X   Y   428
125.34   3.469  31.0  357  23  81  5.07  X   Y   429
119.42   -2.86  12.0  76  27  -68  5.3  X   Y   430
119.52   -2.81  12.0  8  68  175  5.0  X   Y   431
119.58   -2.79  12.7  87  49  -8  4.9  X   Y   432
119.436   -2.878  15.9  77  28  -60  5.53  X   Y   433
119.33   -2.99  15.0  55  22  -29  5.0  X   Y   434
121.47   -2.43  16.7  111  53  -14  4.7  X   Y   435
119.67   0.12  22.5  60  60  164  4.9  X   Y   436
120.53   -1.77  12.3  136  41  63  5.5  X   Y   437
122.65   -1.63  19.3  342  45  70  4.9  X   Y   438
122.56   -1.85  12.0  43  83  -175  6.8  X   Y   439
125.92   -0.78  19.8  251  16  72  5.3  X   Y   440
122.52   -1.81  17.9  27  68  -162  5.4  X   Y   441
122.16   1.16  46.4  93  39  92  5.1  X   Y   442
119.44   -2.84  15.1  351  58  -167  4.8  X   Y   443
121.65   -2.6  12.0  129  72  5  4.7  X   Y   444
126.01   -0.21  27.8  83  47  124  5.1  X   Y   445
125.04   -5.69  12.0  128  70  169  5.5  X   Y   446
126.45   -1.26  24.9  323  58  -152  4.8  X   Y   447
121.98   1.6  28.0  91  20  91  5.2  X   Y   448
125.29   3.87  24.4  18  22  106  4.9  X   Y   449
126.87   0.33  26.3  156  69  -10  5.0  X   Y   450
126.34   -4.15  23.0  332  77  -177  5.7  X   Y   451
122.16   -2.68  12.0  115  32  -7  4.9  X   Y   452
126.21   -3.81  19.0  252  79  -5  5.4  X   Y   453
119.27   -1.92  31.1  7  36  84  4.9  X   Y   454
122.57   -5.87  12.0  354  32  54  5.3  X   Y   455
119.07   -2.22  21.4  167  46  46  5.5  X   Y   456
123.38   -3.4  15.5  150  14  74  5.4  X   Y   457
122.25   -2.66  13.2  95  32  -13  5.0  X   Y   458
118.85   -2.84  20.7  353  28  60  5.7  X   Y   459
118.85   -2.82  18.2  330  17  59  6.3  X   Y   460
122.51   -2.59  29.2  69  43  -109  4.9  X   Y   461
121.92   1.56  28.1  96  20  95  5.9  X   Y   462
126.49   4.97  44.4  141  46  -172  4.8  X   Y   463
126.96   1.09  25.5  142  82  6  5.4  X   Y   464
119.43   -2.86  12.0  81  34  -60  5.2  X   Y   465
121.95   -0.64  12.0  138  41  -61  5.7  X   Y   466
121.97   -0.68  12.0  139  42  -59  6.2  X   Y   467
121.52   -0.73  12.0  138  75  6  5.8  X   Y   468
122.05   1.3  40.2  2  53  35  5.2  X   Y   469
123.62   -0.72  36.2  158  40  37  5.0  X   Y   470
118.72   -7.74  12.0  40  44  -129  4.9  X   Y   471
124.08   -4.47  14.7  293  85  0  4.8  X   Y   472
122.9   -3.75  18.6  176  63  21  4.7  X   Y   473
122.75   -3.75  15.1  75  70  168  5.2  X   Y   474
122.34   -2.72  12.0  100  76  -2  4.8  X   Y   475
120.6   -2.06  16.4  126  74  -5  4.7  X   Y   476
118.5   -2.7  34.9  327  53  6  5.9  X   Y   477
126.93   0.92  25.3  143  86  -1  5.0  X   Y   478
122.45   -7.55  16.5  120  67  165  5.4  X   Y   479
122.44   -7.57  14.8  87  37  98  5.5  X   Y   480
122.69   -2.35  12.0  37  71  -178  5.0  X   Y   481
