#Longitude Latitude Depth_(km) mrr mtt mff mrt mrf mtf Exponent_(dyn-cm) X_position(GMT) Y_position(GMT) ID rupture_type
126.87 3.787 20.0 5.00524 0.224917 -5.23016 1.40949 4.30783 -0.0267774 25.0 X Y 0 R
125.12 -0.073 35.0 5.26166 0.322797 -5.58446 4.62149 5.61826 -1.6441 24.0 X Y 1 R
126.014 0.533 43.7 1.00171 -0.417064 -0.584642 -0.0281726 -0.712914 -0.655456 25.0 X Y 2 R-SS
126.72 3.07 20.1 1.1036 -0.996053 -0.107543 -1.36633 -1.33609 -0.499083 24.0 X Y 3 R
126.86 3.72 44.9 0.983279 0.149422 -1.1327 0.392523 0.978363 0.514325 24.0 X Y 4 R-SS
120.486 -1.909 35.0 0.0596545 1.67428 -1.73394 0.339797 0.285448 0.726069 25.0 X Y 5 SS
126.279 1.396 44.4 2.86421 -0.37705 -2.48716 -0.267147 -1.37912 -0.996838 25.0 X Y 6 R
126.63 2.19 34.7 0.818415 -0.862555 0.0441401 -2.03853 -0.380565 0.0596669 24.0 X Y 7 R
120.653 -0.808 35.0 -3.56715 -2.85986 6.42701 3.80046 -0.127369 -2.62985 24.0 X Y 8 N-SS
124.08 -0.31 46.1 -0.0334173 -0.346193 0.379611 -0.15648 -0.174647 -1.52459 24.0 X Y 9 SS
126.455 1.687 50.0 2.68204 -2.10428 -0.57776 0.0103015 -1.68802 -1.86429 24.0 X Y 10 R-SS
126.7 3.76 39.5 -0.692296 0.0184116 0.673885 -1.18205 0.602809 -0.533283 24.0 X Y 11 N
125.289 -0.065 41.8 1.24711 -0.34498 -0.902133 0.699909 1.71228 -0.588247 24.0 X Y 12 R
126.514 4.013 35.0 -1.64819 0.00271646 1.64548 0.468373 1.90857 0.181268 24.0 X Y 13 N
120.308 1.125 36.9 -0.556696 0.0962194 0.460476 -2.25241 0.12678 2.63584 24.0 X Y 14 SS-N
124.88 -0.08 45.1 1.14008 -0.159987 -0.98009 0.412427 1.02079 -0.395982 24.0 X Y 15 R
126.009 0.547 43.9 1.58625 -0.0742858 -1.51197 -0.729834 -0.612403 -0.564984 25.0 X Y 16 R
126.735 3.866 15.0 1.74941 -0.00830709 -1.7411 0.0494078 -1.27018 0.124878 24.0 X Y 17 R
120.383 0.993 30.5 1.2032 -1.18533 -0.0178701 -4.16478 -0.511371 -0.14554 25.0 X Y 18 R
126.918 3.083 37.1 1.7413 -0.0606273 -1.68067 0.119341 3.02203 0.897414 26.0 X Y 19 R
125.959 0.668 36.2 1.49603 0.0824608 -1.57849 -0.429802 -2.3806 1.15312 25.0 X Y 20 R
126.031 0.806 30.0 2.24982 0.806993 -3.05682 1.36525 1.08511 0.381172 24.0 X Y 21 R-SS
126.249 1.241 45.0 3.27085 0.558446 -3.8293 -1.43137 -0.345385 -0.361344 24.0 X Y 22 R-SS
119.8 -2.95 15.0 -4.23815 3.07137 1.16678 6.36428 -0.619954 4.91591 24.0 X Y 23 N-SS
126.567 0.576 49.6 -0.832426 1.09575 -0.263324 0.478204 -0.569964 0.744506 25.0 X Y 24 N-SS
125.932 0.707 38.2 3.68022 0.359807 -4.04003 -4.91172 0.612698 4.24805 25.0 X Y 25 R-SS
127.0 3.52 26.6 0.38775 -0.194644 -0.193106 -0.369965 1.11572 0.3007 25.0 X Y 26 R
126.042 1.047 35.0 2.49102 0.8722 -3.36322 -1.57846 1.24376 -0.0739603 24.0 X Y 27 R-SS
126.63 2.605 38.5 1.657 -0.107799 -1.5492 -0.602041 0.770306 -1.06906 24.0 X Y 28 R-SS
126.49 4.0 15.0 1.04991 -0.760819 -0.289093 -1.14763 1.57016 0.589093 24.0 X Y 29 R
126.695 3.498 39.1 1.03808 -0.743509 -0.294567 -1.1628 1.57057 0.578346 24.0 X Y 30 R
123.39 -0.01 36.0 3.43688 0.0997736 -3.53665 -0.909353 2.2208 -1.42435 24.0 X Y 31 R-SS
123.327 -0.561 35.0 4.00356 0.172237 -4.1758 -1.10111 2.44743 -1.53381 24.0 X Y 32 R-SS
126.366 1.515 39.1 1.39106 -0.539552 -0.851504 -0.465186 -0.430345 -0.683395 24.0 X Y 33 R
126.639 1.739 44.0 1.62171 1.85194 -3.47366 2.13207 -0.16342 1.60708 24.0 X Y 34 SS-R
126.771 2.034 24.0 0.550443 0.462161 -1.0126 -1.35994 -1.01779 -0.381559 24.0 X Y 35 R
125.89 2.22 40.4 0.660857 0.523989 -1.18485 -1.55669 -1.15061 -0.45511 24.0 X Y 36 R
122.502 1.62 33.2 -0.227891 0.536581 -0.30869 -0.218144 -0.941983 -2.53639 24.0 X Y 37 SS
123.19 1.71 47.6 -0.24772 0.656995 -0.409274 -0.219619 -1.09148 -2.90348 24.0 X Y 38 SS
119.91 0.58 45.0 0.0689371 0.177491 -0.246428 -0.993992 -0.38373 -0.274161 24.0 X Y 39 R
126.605 3.788 34.1 6.9899 -0.0398445 -6.95005 0.194249 0.225021 -0.554787 24.0 X Y 40 R
120.977 1.159 30.0 1.85437 -2.03059 0.17622 -4.52423 0.786909 -0.484245 25.0 X Y 41 R
120.8 1.196 28.3 2.16511 -2.8211 0.655993 -4.94161 2.09121 -0.387764 25.0 X Y 42 R
120.798 1.181 27.7 2.58568 -4.39427 1.80859 -3.56631 2.3002 -1.68484 25.0 X Y 43 R-SS
126.94 1.99 44.7 1.27491 0.0188482 -1.29375 -0.277729 -0.881456 -0.0895368 24.0 X Y 44 R
119.61 0.84 49.0 -0.879195 0.692934 0.186261 -1.26505 0.194112 -0.479522 24.0 X Y 45 N
126.72 2.58 13.8 4.24146 0.878992 -5.12045 2.00008 -1.75059 -1.43774 23.0 X Y 46 R-SS
126.337 1.378 35.0 2.28475 -0.408601 -1.87615 -0.576174 -3.0973 -1.05329 25.0 X Y 47 R
126.44 1.25 33.3 6.10852 -0.474863 -5.63365 3.30977 0.861542 -3.1462 24.0 X Y 48 R-SS
125.382 0.368 35.0 2.56071 -0.906546 -1.65416 1.81083 4.46553 -1.38631 24.0 X Y 49 R
119.42 -2.43 40.5 1.95622 6.58089 -8.5371 3.8514 -2.01995 -0.714738 24.0 X Y 50 SS-R
120.24 -2.17 10.6 -0.721763 1.79527 -1.07351 -1.04243 -1.2148 0.03588 24.0 X Y 51 N-SS
119.625 -2.034 20.0 -0.77369 1.99441 -1.22072 -1.14163 -1.35149 0.05379 24.0 X Y 52 N-SS
119.625 -2.14 20.0 0.47966 4.09058 -4.57024 3.27525 -6.02972 -2.84978 24.0 X Y 53 SS-R
119.61 -2.036 20.0 -1.33607 4.78134 -3.44528 0.482646 -2.21222 -0.239386 25.0 X Y 54 SS-N
119.38 -1.32 43.9 -0.108813 4.45703 -4.34822 0.263987 -1.13226 8.9026 25.0 X Y 55 SS
119.729 -1.989 45.0 -0.0129858 0.554911 -0.541925 0.0301333 -0.134847 1.04525 26.0 X Y 56 SS
122.929 1.252 33.6 1.26766 -1.26386 -0.00380042 -1.51022 0.0409575 0.0764823 25.0 X Y 57 R
123.38 -0.17 43.9 -0.119601 0.885789 -0.766187 -0.437942 -0.343785 -2.00223 24.0 X Y 58 SS
122.879 1.205 43.9 2.185 -2.13139 -0.053615 -2.42459 -0.129981 -0.399647 24.0 X Y 59 R
126.364 1.714 47.4 2.55496 -0.353401 -2.20156 -1.01382 -0.803729 -1.04297 26.0 X Y 60 R
126.27 1.77 37.8 1.82187 0.182386 -2.00425 -0.759022 0.839254 0.216022 24.0 X Y 61 R
126.55 3.726 30.4 2.1811 -0.116995 -2.06411 -0.0192237 0.160011 -0.49458 25.0 X Y 62 R
126.49 2.045 35.0 5.84801 0.45428 -6.30229 -5.0905 -2.17012 -3.42753 24.0 X Y 63 R-SS
126.45 1.994 44.8 8.47784 -2.09025 -6.38759 -0.640251 -1.35427 -3.65581 24.0 X Y 64 R
126.514 1.925 29.1 -0.918317 0.475866 0.442451 -1.42046 -2.08547 0.494707 25.0 X Y 65 N
126.509 1.827 30.2 -0.285911 0.318081 -0.0321702 -1.34006 0.119114 0.218906 25.0 X Y 66 N
126.572 1.897 20.0 -1.94316 0.381348 1.56182 -2.3468 -4.19811 0.776849 25.0 X Y 67 N
126.933 2.328 36.3 4.12759 -2.35742 -1.77016 -0.141686 2.80052 2.8484 25.0 X Y 68 R-SS
126.35 2.2 23.9 6.09885 -0.78139 -5.31746 0.882026 -1.31228 2.06631 24.0 X Y 69 R
126.571 2.164 40.6 1.87497 0.159321 -2.03429 -0.613344 -0.340447 -0.182922 24.0 X Y 70 R
126.68 2.32 17.8 2.08493 -0.633883 -1.45105 0.60003 0.0741647 1.10416 24.0 X Y 71 R
125.851 0.619 20.0 2.14979 -0.190914 -1.95888 -0.727463 -5.86231 -0.816863 24.0 X Y 72 R
126.677 3.777 29.0 0.69652 0.413558 -1.11008 0.605796 0.696423 0.153249 25.0 X Y 73 R-SS
126.741 2.531 35.0 -0.0568398 0.230677 -0.173837 0.313475 -0.115563 0.983395 25.0 X Y 74 SS
126.192 1.384 44.8 3.96987 0.086812 -4.05668 -1.74405 -0.0225672 -1.65025 25.0 X Y 75 R
126.568 1.729 32.6 1.04401 1.05093 -2.09494 -1.45358 -0.503199 -0.807407 25.0 X Y 76 R-SS
126.46 1.15 37.3 1.29511 -0.550011 -0.745095 -0.655722 0.142288 -0.891168 24.0 X Y 77 R-SS
126.199 0.886 36.6 2.45662 -0.736589 -1.72003 0.314866 0.417472 -1.12611 25.0 X Y 78 R
126.501 2.184 46.2 1.40114 -0.291086 -1.11006 -0.453982 -0.443674 -0.596493 25.0 X Y 79 R
126.769 3.585 25.0 6.00703 -0.02923 -5.9778 -0.204374 2.92269 0.418009 23.0 X Y 80 R
126.521 3.941 28.4 0.402236 0.102122 -0.504358 0.228213 1.04515 0.296175 24.0 X Y 81 R
126.166 0.591 41.0 0.908648 0.0563935 -0.965041 -0.309674 -0.000642548 -0.217559 24.0 X Y 82 R
126.51 2.63 15.0 1.096 -0.226264 -0.869732 0.073028 -0.225877 0.445145 24.0 X Y 83 R
125.93 0.04 20.4 4.14008 -1.24298 -2.8971 1.11619 4.46912 -2.2478 24.0 X Y 84 R
125.106 -0.177 43.0 1.22118 -0.340696 -0.880486 0.0259499 0.8534 -0.69178 25.0 X Y 85 R
125.78 -0.24 18.6 1.3925 -0.380682 -1.01182 0.0156486 0.986988 -0.796246 25.0 X Y 86 R-SS
124.92 -0.243 40.0 1.83775 -0.742048 -1.0957 0.599854 2.28929 -1.17685 25.0 X Y 87 R
125.68 -0.14 15.0 2.1332 -0.865278 -1.26792 0.710791 2.61035 -1.34783 25.0 X Y 88 R
125.11 0.032 41.0 2.9126 -1.24234 -1.67026 0.76916 1.50956 -1.48423 24.0 X Y 89 R
125.62 0.05 49.3 2.52009 -1.03018 -1.48991 0.777959 1.69602 -1.30473 24.0 X Y 90 R
124.955 -0.155 24.6 2.64414 -1.07564 -1.56851 0.886782 1.87723 -1.36631 24.0 X Y 91 R
126.721 3.874 27.0 3.29028 0.383094 -3.67337 1.13802 0.769995 0.0649905 24.0 X Y 92 R
126.641 3.875 30.0 3.03714 -0.0138603 -3.02328 0.0612053 1.75269 -0.211457 24.0 X Y 93 R
126.874 3.148 27.1 -1.80903 -1.13406 2.94309 2.17536 0.424001 1.61343 24.0 X Y 94 N-SS
125.102 -0.292 49.5 1.46992 -0.684609 -0.785306 -0.862443 1.08475 -2.01054 24.0 X Y 95 R-SS
126.98 4.33 18.1 8.77742 -0.548541 -8.22888 -1.06798 -0.748463 -2.28095 24.0 X Y 96 R
126.475 4.226 35.8 9.42682 -0.546778 -8.88004 -1.07067 -0.664693 -2.36717 24.0 X Y 97 R
126.589 4.236 36.7 1.13054 0.0361052 -1.16664 -0.232698 0.211145 -0.162712 24.0 X Y 98 R
122.141 -0.297 20.0 0.0392254 0.3291 -0.368325 0.149731 -0.363646 -2.3403 24.0 X Y 99 SS
125.81 2.11 15.0 0.0497141 -0.73933 0.689616 1.17541 -0.650625 -0.441204 24.0 X Y 100 R
126.8 2.035 44.7 3.85599 1.26672 -5.12271 -5.06827 4.42368 1.60284 24.0 X Y 101 R
126.1 2.66 18.6 7.13937 0.0504722 -7.18985 2.04127 -1.37686 -2.38739 23.0 X Y 102 R
126.517 1.591 15.0 7.91881 0.0559825 -7.9748 2.26413 -1.52717 -2.64804 23.0 X Y 103 R
126.737 2.511 30.0 2.3525 -0.877703 -1.4748 -2.0395 -0.32139 -1.72593 24.0 X Y 104 R-SS
126.645 2.518 30.0 4.30948 -1.68903 -2.62045 -3.27727 -2.11872 -2.30187 24.0 X Y 105 R
126.655 2.48 30.0 7.08323 0.501681 -7.58491 3.82903 0.342407 -3.26753 24.0 X Y 106 R-SS
126.732 2.423 15.0 0.172356 0.0491822 -0.221538 -0.110732 -2.46244 0.700329 24.0 X Y 107 R
126.564 2.438 30.0 5.39693 -1.74875 -3.64819 -0.956091 0.815819 -2.83418 24.0 X Y 108 R
126.77 2.33 15.0 0.558856 -0.0326018 -0.526254 -0.671953 -0.670062 -0.251513 24.0 X Y 109 R
126.95 3.21 36.9 1.41623 -0.322578 -1.09365 -0.564543 -0.151281 -0.719282 24.0 X Y 110 R
126.329 0.484 15.0 2.05845 0.356918 -2.41537 -0.857158 0.809716 -0.34242 24.0 X Y 111 R-SS
126.873 2.411 42.2 0.553289 0.0699804 -0.62327 0.655962 -1.81487 0.00568553 24.0 X Y 112 R
124.924 -0.053 35.0 3.87198 -0.748414 -3.12357 0.725914 6.17134 -2.22871 24.0 X Y 113 R
126.181 1.166 34.9 1.36988 -0.422733 -0.947145 -0.169554 0.0882957 -0.661153 25.0 X Y 114 R
126.72 2.46 24.3 5.7 0.376163 -6.07616 -2.63093 2.72003 -3.74162 23.0 X Y 115 R-SS
120.139 1.076 29.0 1.46636 -1.1106 -0.355758 -1.66454 0.0615487 -1.10672 24.0 X Y 116 R-SS
126.43 3.07 33.3 0.912737 0.10763 -1.02037 0.509481 1.14412 -0.0200419 24.0 X Y 117 R
126.09 -0.04 33.0 0.882888 0.000306433 -0.883195 -0.0175128 -1.31547 0.0368835 24.0 X Y 118 R
126.672 0.053 35.0 0.913915 0.000317202 -0.914232 -0.0181283 -1.3617 0.0381797 24.0 X Y 119 R
126.49 2.81 15.0 1.19704 -0.18568 -1.01136 0.119235 -0.999135 0.504261 24.0 X Y 120 R
126.788 2.644 35.0 0.938951 1.28626 -2.22522 -2.04307 1.60525 0.469476 24.0 X Y 121 R-SS
121.52 1.093 35.0 -5.00155 0.549417 4.45213 -0.231818 0.966705 1.65682 24.0 X Y 122 N
126.0 0.96 36.0 7.08616 -2.66255 -4.42361 1.70253 3.11774 -3.47005 23.0 X Y 123 R
126.54 1.0 39.4 0.0516182 0.931275 -0.982893 -0.37995 -0.106268 -0.715004 25.0 X Y 124 SS
126.052 1.032 45.8 0.889202 0.238354 -1.12756 0.477018 0.305159 0.016666 25.0 X Y 125 R-SS
126.562 2.099 49.0 2.36549 0.204068 -2.56956 -1.00275 -0.910303 -0.417427 24.0 X Y 126 R
126.57 4.91 46.7 0.677725 0.339859 -1.01758 0.516628 -0.192326 -0.387151 24.0 X Y 127 R-SS
126.42 4.77 48.4 3.80962 -0.079856 -3.72977 -0.426156 2.12077 -1.02857 24.0 X Y 128 R
126.806 3.635 15.7 0.308464 2.31751 -2.62598 -3.67477 0.916773 3.97272 23.0 X Y 129 SS-R
122.68 -0.47 33.0 -2.26499 4.62764 -2.36265 -2.78387 2.71727 0.652413 23.0 X Y 130 N-SS
122.975 1.291 25.0 4.74105 -4.76487 0.0238189 -4.56931 -0.339752 0.257846 25.0 X Y 131 R
123.59 1.9 31.8 0.714245 -0.987178 0.272933 -0.487866 0.488846 -0.0486066 24.0 X Y 132 R-SS
123.118 1.391 30.0 0.830318 -0.898165 0.067847 -0.532073 0.238271 -0.178264 25.0 X Y 133 R-SS
122.92 1.34 40.5 -0.733657 1.17595 -0.442293 0.125583 -2.32017 -2.47627 25.0 X Y 134 SS-N
123.473 1.182 30.0 -0.747766 1.24702 -0.49925 0.162876 -2.33123 -2.43852 25.0 X Y 135 SS-N
123.357 1.226 35.3 1.49458 -1.63665 0.142073 -1.11421 0.462183 -0.390441 24.0 X Y 136 R-SS
123.77 1.92 38.1 1.66815 -1.81139 0.143242 -1.24419 0.490973 -0.424999 24.0 X Y 137 R-SS
120.09 0.964 29.6 2.11271 -1.72255 -0.390161 -8.02826 -0.138894 -3.05956 23.0 X Y 138 R
122.932 1.241 30.7 7.99269 -6.48592 -1.50677 -5.05377 2.86453 3.14123 24.0 X Y 139 R
119.57 -2.84 15.0 -1.93189 0.604046 1.32784 1.15931 -4.30323 6.34853 23.0 X Y 140 SS-N
123.36 1.54 41.3 0.619733 -0.449779 -0.169954 -0.872746 -0.314814 -0.300839 24.0 X Y 141 R
123.89 1.197 30.0 0.906938 -0.642918 -0.264019 -0.426935 -0.508342 -0.441329 25.0 X Y 142 R
123.29 1.19 15.0 1.02627 -0.714099 -0.312172 -0.452938 -0.546082 -0.501222 25.0 X Y 143 R
123.36 1.33 33.0 1.71784 -1.57049 -0.147349 -4.06421 0.62643 0.568181 24.0 X Y 144 R
122.849 1.164 30.5 1.40978 -1.3194 -0.0903804 -1.09137 0.063118 -0.498 24.0 X Y 145 R
123.501 1.336 28.0 1.11522 -0.86189 -0.253333 -1.3989 -1.56487 -0.568577 24.0 X Y 146 R
123.01 1.94 15.0 5.08394 -6.08349 0.999549 -4.42977 3.35311 0.549825 23.0 X Y 147 R
123.019 1.132 30.4 5.83714 -6.98478 1.14764 -5.08606 3.84988 0.631283 23.0 X Y 148 R
121.436 1.086 30.9 -2.3633 0.536942 1.82635 0.0946786 1.63115 1.19812 24.0 X Y 149 N
125.53 0.91 45.6 3.53567 -0.683483 -2.85219 1.3735 4.13224 -1.45235 23.0 X Y 150 R
126.92 0.93 15.0 -0.188559 0.7549 -0.566341 0.299116 0.339088 -0.769018 24.0 X Y 151 SS-N
123.089 1.338 29.3 1.10888 -1.08898 -0.0198953 -0.89455 -0.00881377 -0.183021 24.0 X Y 152 R
126.107 0.39 36.9 1.99614 -0.0442225 -1.95191 -0.931596 0.588731 -1.28379 25.0 X Y 153 R-SS
126.042 0.579 40.0 3.59446 0.215076 -3.80954 -1.25277 0.397495 -1.06252 25.0 X Y 154 R
123.024 1.252 34.9 2.56494 -2.56934 0.00440327 -3.26635 0.333315 0.0872294 24.0 X Y 155 R
124.043 1.089 30.7 0.986161 -0.0733437 -0.912817 0.256443 -0.139555 0.325078 24.0 X Y 156 R
124.014 1.038 30.9 5.58008 -0.397731 -5.18235 -1.61688 -0.518979 2.27898 24.0 X Y 157 R
124.023 1.141 34.8 1.52231 -0.429007 -1.0933 -0.0132064 -0.246847 0.69952 25.0 X Y 158 R
123.42 1.66 33.0 3.87571 -4.21457 0.338859 -3.58615 1.52081 -0.0133838 23.0 X Y 159 R
123.14 1.37 18.1 1.48979 -1.47087 -0.0189206 -1.63531 0.333353 0.186715 24.0 X Y 160 R
123.88 1.3 24.9 1.03074 -0.698158 -0.332585 0.198024 -0.357975 0.511207 24.0 X Y 161 R
126.834 2.134 35.0 0.438459 0.0608558 -0.499315 -5.69089 2.63253 0.521203 24.0 X Y 162 R
126.58 2.56 39.9 1.06645 -0.278788 -0.787664 -0.156757 -0.310646 -0.469171 24.0 X Y 163 R
126.111 0.606 45.2 4.54605 -0.474685 -4.07137 -1.71227 0.0469094 -2.15282 24.0 X Y 164 R
126.354 1.642 20.0 -5.37226 0.125719 5.24654 -0.0665681 0.782093 0.833297 23.0 X Y 165 N
123.62 1.42 33.0 0.333291 -0.283182 -0.0501089 -1.03177 0.284526 0.128571 24.0 X Y 166 R
122.962 1.177 23.7 1.81003 -1.79539 -0.0146411 -1.58232 0.755401 0.363664 26.0 X Y 167 R
123.065 1.147 31.2 1.03361 -1.15296 0.119349 -0.737776 0.388414 -0.0658319 24.0 X Y 168 R
126.64 2.74 38.5 1.39336 -0.162338 -1.23103 -0.0723107 -0.731234 -0.47993 24.0 X Y 169 R
122.74 1.56 15.0 0.641103 -1.45014 0.809036 0.191131 0.754133 0.567814 24.0 X Y 170 SS-R
122.551 1.261 27.2 3.88311 -4.06969 0.186577 -1.49894 -0.923607 0.748805 23.0 X Y 171 R
122.542 1.088 30.0 7.39587 -7.40755 0.0116819 -6.18991 0.467079 0.0826545 25.0 X Y 172 R
122.755 1.397 25.0 0.981076 -0.966587 -0.0144897 -0.165711 0.143432 0.163568 24.0 X Y 173 R
122.098 1.238 30.0 6.98682 -7.93484 0.948013 -5.70478 2.92839 -0.515418 24.0 X Y 174 R
126.678 3.599 15.0 0.62861 0.0688998 -0.69751 0.624069 -0.608054 0.23775 24.0 X Y 175 R
126.456 3.517 25.4 0.667499 -0.0538613 -0.613638 0.607572 -1.16762 0.206832 24.0 X Y 176 R
123.08 1.37 47.9 0.636695 0.143252 -0.779947 0.316379 -0.768137 -0.227344 24.0 X Y 177 R
126.88 2.43 31.4 0.864841 -0.0154351 -0.849406 -0.539966 -0.174431 -0.449551 24.0 X Y 178 R-SS
126.96 3.22 19.0 1.58834 0.132536 -1.72088 -2.18089 8.48077 -0.0463105 24.0 X Y 179 R
122.613 1.277 34.2 0.691936 -0.757146 0.0652097 -1.50982 -0.371741 0.0729257 25.0 X Y 180 R
125.89 -0.331 48.7 0.905582 -0.858955 -0.0466263 2.03047 0.128804 -0.304045 24.0 X Y 181 R
124.081 1.055 33.6 0.949512 -0.368247 -0.581265 0.0617732 0.293526 0.51926 25.0 X Y 182 R
124.186 1.109 30.0 4.31041 -4.26014 -0.0502657 -1.08828 -0.23082 0.591196 24.0 X Y 183 R
124.117 1.024 32.2 1.03919 -1.04087 0.0016748 0.17464 -0.0812309 0.0570811 25.0 X Y 184 R
124.04 1.1 17.8 6.2016 -5.84205 -0.359541 0.757563 -0.72286 1.53458 24.0 X Y 185 R
123.357 1.372 34.6 1.29406 -1.70003 0.40597 -1.64332 1.54361 0.371164 24.0 X Y 186 R
125.64 -0.05 45.8 1.59473 -0.6203 -0.974429 0.840532 1.32189 -0.78693 24.0 X Y 187 R
123.575 1.256 35.0 1.24252 -1.2728 0.0302808 -0.904848 0.281543 -0.459471 24.0 X Y 188 R-SS
123.44 1.34 15.0 7.03874 -7.63005 0.591303 1.80307 2.11617 1.14495 23.0 X Y 189 R
125.991 1.104 42.7 0.953459 0.125175 -1.07863 0.346665 -1.07596 -0.435804 24.0 X Y 190 R
126.641 2.614 40.0 1.40822 -0.743487 -0.664737 -1.53251 -3.55442 -0.952192 24.0 X Y 191 R
119.5 -1.6 31.0 0.402822 3.34117 -3.744 1.16018 -1.39149 -3.9584 23.0 X Y 192 SS
119.699 -1.562 25.0 0.317188 2.39224 -2.70942 0.871173 -1.03674 -2.79323 24.0 X Y 193 SS
120.08 -1.17 48.4 0.319973 2.65399 -2.97396 0.921562 -1.1053 -3.14427 24.0 X Y 194 SS
125.7 1.01 15.5 -0.397923 -0.0489449 0.446868 0.375988 0.968094 0.0117351 24.0 X Y 195 N
126.43 1.69 43.8 6.38967 2.20966e-16 -6.38967 1.69672 4.30989 -0.902162 23.0 X Y 196 R
123.0 1.1 29.0 1.84462 -2.07219 0.227569 -0.762267 0.739381 0.0997178 24.0 X Y 197 R
124.891 0.098 45.0 3.382 -1.1518 -2.2302 0.75222 1.9935 -1.67602 24.0 X Y 198 R
125.29 -0.13 49.2 3.76925 -1.31675 -2.4525 0.88573 2.1699 -1.86594 24.0 X Y 199 R
124.3 -1.0 34.0 1.72346 -1.68586 -0.0375976 6.03326 -0.0737875 0.705805 24.0 X Y 200 R
122.8 1.61 17.7 1.15841 -1.52748 0.369069 -0.377205 -0.681106 -0.00585061 24.0 X Y 201 R-SS
126.87 2.83 47.4 2.78925 -1.95111 -0.838147 -0.253263 0.157979 -1.3075 23.0 X Y 202 R
120.356 0.802 37.2 -0.503672 1.16296 -0.659288 -0.0454086 -0.955719 1.07444 24.0 X Y 203 SS-N
122.43 2.11 47.9 7.30113 -7.42082 0.119684 -2.81981 -0.969827 0.0956655 23.0 X Y 204 R
125.0 1.2 36.0 1.12719 -0.0337055 -1.09348 -0.0883203 -3.34398 -0.4069 25.0 X Y 205 R
125.71 0.63 16.6 0.448741 -0.0134184 -0.435323 -0.035161 -1.33126 -0.16199 26.0 X Y 206 R
125.785 0.62 17.2 0.4815 -0.0182267 -0.463274 -0.0519728 -1.48122 -0.186033 26.0 X Y 207 R
125.898 0.591 20.0 0.979486 0.118078 -1.09756 0.423909 -2.65928 -0.41345 26.0 X Y 208 R
123.9 1.4 0.0 0.862375 0.0082428 -0.870618 -0.124886 -0.668423 0.213712 24.0 X Y 209 R
125.81 0.358 25.0 6.3864 0.0567452 -6.44314 -0.907175 -4.97453 1.56923 24.0 X Y 210 R
125.88 0.359 25.0 7.69369 -0.535144 -7.15854 -2.51341 -2.5233 -2.46674 24.0 X Y 211 R
125.87 1.19 15.0 -1.5779 0.378837 1.19906 -0.113463 0.00596648 -0.680777 24.0 X Y 212 N
126.176 0.513 46.7 -1.63335 0.392151 1.2412 -0.11745 0.00617616 -0.704701 24.0 X Y 213 N
126.454 1.996 28.7 -0.474312 -0.0192167 0.493529 0.493763 0.944455 0.100655 25.0 X Y 214 N
125.92 2.23 15.0 -0.482682 -0.0167593 0.499441 0.524213 1.02872 0.102372 25.0 X Y 215 N
123.3 -0.7 40.0 2.17659 -1.80371 -0.37288 0.852284 4.40255 -2.72928 23.0 X Y 216 R-SS
123.394 1.245 25.0 3.85697 -3.51201 -0.344958 -7.6234 2.14977 1.10556 23.0 X Y 217 R
126.072 0.592 35.0 1.74415 1.4843 -3.22845 -1.7604 -1.16648 0.0945204 24.0 X Y 218 R-SS
126.1 1.7 38.0 7.26186 -3.46399 -3.79788 -2.78791 -0.965626 -3.84863 23.0 X Y 219 R
126.32 2.44 44.5 2.04667 -0.976284 -1.07039 -0.785741 -0.27215 -1.08469 24.0 X Y 220 R
124.1 -0.4 35.0 0.45163 3.30208e-16 -0.45163 1.72559 0.112604 -1.34818 24.0 X Y 221 R-SS
119.81 -2.97 33.0 0.0407917 0.973951 -1.01474 -0.364405 0.212543 0.301638 24.0 X Y 222 SS
120.8 2.0 39.0 -0.164574 -5.18779 5.35237 -1.42952 0.843648 -1.03606 23.0 X Y 223 SS
120.858 1.965 30.0 -0.0766514 -3.49241 3.56906 -0.920339 0.608513 -0.661481 24.0 X Y 224 SS
126.74 2.26 39.0 5.09344 -2.98036 -2.11308 0.833969 -1.43582 -3.03649 23.0 X Y 225 R
126.505 1.64 40.8 5.27243 -3.0851 -2.18733 0.863276 -1.48628 -3.1432 23.0 X Y 226 R
126.17 1.38 49.3 4.19343 4.5003 -8.69373 -4.53686 -0.463488 -1.38771 24.0 X Y 227 SS-R
126.841 2.557 46.3 2.08789 -0.201911 -1.88598 0.816858 -1.2863 0.678614 25.0 X Y 228 R
121.1 -1.6 50.0 1.16024 6.68198 -7.84222 2.80163 -0.167405 -1.21277 23.0 X Y 229 SS
120.2 -1.1 30.0 -4.53775 4.32617 0.211581 4.04395 0.488205 -1.88227 24.0 X Y 230 N
126.98 3.17 38.3 0.435846 0.101078 -0.536924 -0.394365 0.92615 -0.0375996 24.0 X Y 231 R
126.722 4.254 43.9 4.08151 -0.496783 -3.58472 0.819645 1.07572 -1.38347 24.0 X Y 232 R
126.85 4.22 43.3 4.25201 -0.521307 -3.7307 0.813319 1.03516 -1.44389 24.0 X Y 233 R
123.473 0.451 47.5 -1.69841 3.67446 -1.97605 0.02544 2.39654 2.23682 23.0 X Y 234 SS-N
126.191 0.906 28.4 5.35439 0.927158 -6.28155 2.22827 2.09553 0.904642 23.0 X Y 235 R-SS
126.0 0.5 43.0 1.43994 -0.0809671 -1.35897 -0.433081 0.146302 -0.58269 24.0 X Y 236 R
122.0 0.6 35.0 -2.14905 0.0285687 2.12048 -0.146924 -0.605729 0.25603 24.0 X Y 237 N
121.72 1.32 17.8 -8.55551 0.113734 8.44178 -0.584917 -2.41145 1.01927 24.0 X Y 238 N
121.618 1.241 28.0 -1.01682 0.011202 1.00562 -0.0785637 -0.282761 0.115001 25.0 X Y 239 N
126.706 3.598 40.3 2.49043 0.280357 -2.77079 0.856295 0.0562699 0.216809 25.0 X Y 240 R
126.807 3.46 21.6 3.22459 0.905022 -4.12962 3.24538 -3.70347 0.721789 23.0 X Y 241 R
126.862 3.563 23.3 3.06682 0.0450891 -3.1119 -0.557941 1.55272 0.186465 24.0 X Y 242 R
119.3 1.0 33.0 0.270309 -0.653213 0.382904 -0.302361 -0.46619 1.16761 23.0 X Y 243 SS-R
119.965 0.722 35.0 0.336404 -0.812934 0.47653 -0.376292 -0.580181 1.45311 24.0 X Y 244 SS-R
120.2 0.3 21.0 0.376562 -0.260915 -0.115647 -2.10005 -0.66402 -0.22157 24.0 X Y 245 R
119.88 0.66 26.7 -0.284633 -1.60571 1.89034 -0.827857 0.888029 0.64929 24.0 X Y 246 SS-N
125.0 0.08 40.1 3.22833 -0.722968 -2.50537 1.49333 1.74521 -1.40082 23.0 X Y 247 R
120.169 0.937 36.7 0.55801 -0.336698 -0.221312 -0.819026 0.272381 0.33856 24.0 X Y 248 R
119.621 0.489 30.7 0.254752 -2.71485 2.46009 -1.37626 -1.19476 0.806211 24.0 X Y 249 SS-R
120.162 0.945 21.6 1.95068 -1.68568 -0.264999 -3.91668 -0.814358 -0.768503 24.0 X Y 250 R
120.158 1.05 14.9 0.631757 -0.559763 -0.0719937 -1.16283 -0.245097 -0.220535 25.0 X Y 251 R
126.501 3.021 45.6 5.56219 -0.323921 -5.23827 1.90559 5.8771 -1.3305 24.0 X Y 252 R
126.201 3.04 32.8 4.47874 0.383759 -4.8625 -3.54902 -6.24359 -0.792389 24.0 X Y 253 R
120.373 1.072 29.9 1.15479 -1.07971 -0.07508 -1.37776 -0.0517171 -0.397414 24.0 X Y 254 R
126.1 3.3 33.0 4.02584 0.447282 -4.47312 -4.89913 -4.15977 -1.89273 23.0 X Y 255 R
126.236 3.077 30.5 2.25215 -0.73851 -1.51364 -1.32185 -1.35492 -1.08267 24.0 X Y 256 R
126.35 3.6 37.6 2.45405 -0.821982 -1.63207 -1.38608 -1.41367 -1.183 24.0 X Y 257 R
126.5 1.9 33.0 2.01315 0.0398833 -2.05303 -0.330377 0.816339 -0.318832 24.0 X Y 258 R
126.551 1.579 32.6 1.21868 0.0229584 -1.24164 -0.195224 0.482823 -0.1865 25.0 X Y 259 R
122.869 1.381 32.8 2.75184 -2.85752 0.105677 -3.08821 2.21434 0.770546 24.0 X Y 260 R
120.26 0.86 0.0 0.558829 -0.523869 -0.0349603 -1.117 -0.122801 -0.167769 25.0 X Y 261 R
120.35 1.27 21.0 3.14253 -2.94593 -0.196596 -6.28136 -0.690561 -0.943435 25.0 X Y 262 R
120.24 1.036 25.0 4.07337 -3.79145 -0.281917 -7.61189 -0.884335 -1.2694 25.0 X Y 263 R
120.458 1.027 28.4 1.61978 -1.52341 -0.0963732 -3.31198 -0.26026 -0.538523 26.0 X Y 264 R
120.561 1.161 28.1 1.05056 -1.07818 0.0276271 -1.00011 0.170387 -0.158261 24.0 X Y 265 R
120.5 0.9 33.0 2.24605 -2.30512 0.0590656 -2.1382 0.364282 -0.338356 24.0 X Y 266 R
120.35 1.36 20.0 4.4656 -3.87161 -0.593987 -7.51264 -1.553 -1.71446 24.0 X Y 267 R
120.219 0.971 28.6 4.92396 -4.24507 -0.678886 -8.32916 -1.84687 -1.89064 24.0 X Y 268 R
120.2 1.0 33.0 1.77779 -1.54132 -0.23647 -2.99084 -0.618259 -0.682538 25.0 X Y 269 R
120.97 1.79 33.0 2.57286 -3.17415 0.601294 -4.45513 1.38074 -1.15757 23.0 X Y 270 R
125.078 -0.108 47.4 0.946674 -0.443344 -0.503331 0.322104 0.73318 -0.52014 25.0 X Y 271 R
124.995 -0.184 41.6 -2.90181 2.90181 -7.7193e-16 1.17241 1.41721 -2.1011 24.0 X Y 272 N-SS
125.1 0.3 28.0 -3.60976 3.64807 -0.0383099 1.43468 1.7816 -2.59158 25.0 X Y 273 N-SS
120.197 1.008 27.3 5.00916 -4.28657 -0.722585 -8.06832 -0.492159 -2.85743 23.0 X Y 274 R
120.26 1.69 43.4 0.575128 -0.492165 -0.0829639 -0.926368 -0.0565075 -0.328077 24.0 X Y 275 R
120.453 0.332 28.5 -3.07866 0.823398 2.25526 0.41995 2.22748 1.54156 24.0 X Y 276 N
120.109 1.026 29.5 4.7453 -4.64723 -0.0980691 -5.16904 1.38627 0.763758 23.0 X Y 277 R
120.58 1.75 33.0 5.26337 -5.15459 -0.108776 -5.73337 1.53761 0.847141 23.0 X Y 278 R
120.243 1.02 34.3 3.20598 -2.73072 -0.475256 -5.0452 -0.954636 -1.3445 24.0 X Y 279 R
120.32 1.43 18.0 3.22323 -2.72954 -0.493696 -5.27657 -1.00809 -1.38223 24.0 X Y 280 R
126.461 0.902 33.0 1.00882 -0.539621 -0.469195 -0.233567 -0.566611 -0.552554 24.0 X Y 281 R
120.668 1.194 30.0 0.212808 -0.195523 -0.017285 -3.03942 -0.153702 -0.170032 24.0 X Y 282 R
126.312 0.379 40.0 5.07561 -0.940068 -4.13554 0.182864 0.699421 -1.97634 24.0 X Y 283 R
119.2 0.8 31.0 0.158864 -1.6777 1.51883 -0.809525 -0.722229 0.480356 23.0 X Y 284 SS-R
125.3 -0.2 31.0 1.55887 -0.545895 -1.01298 0.818053 2.57244 -0.914459 24.0 X Y 285 R
126.9 4.17 40.9 5.32345 -0.668906 -4.65454 -0.484591 1.43393 -2.02636 23.0 X Y 286 R
126.352 3.976 40.9 5.90463 -0.741933 -5.1627 -0.537496 1.59048 -2.24759 23.0 X Y 287 R
126.3 0.4 35.0 6.08287 -1.11132 -4.97155 6.5097 1.67681 -4.83071 22.0 X Y 288 R-SS
126.53 0.54 29.8 0.68251 -0.124692 -0.557817 0.7304 0.188141 -0.542015 24.0 X Y 289 R-SS
126.364 4.02 29.8 -0.537961 0.466635 0.0713262 -0.638588 0.776493 -0.286547 24.0 X Y 290 N
125.31 -0.02 37.3 0.680289 -0.202526 -0.477763 0.571441 0.682322 -0.317464 24.0 X Y 291 R
125.411 0.398 50.0 2.93978 -1.29017 -1.64961 1.92406 3.91667 -1.62096 24.0 X Y 292 R
120.33 -1.95 42.1 -1.35769 1.56998 -0.212291 -0.120445 -0.556121 0.107191 24.0 X Y 293 N
121.7 -0.9 36.0 0.0385811 7.66925 -7.70783 -0.605378 -0.124604 -1.89709 23.0 X Y 294 SS
124.4 -1.13 35.3 1.95569 3.48393 -5.43963 -2.64432 -0.429488 1.29223 23.0 X Y 295 SS-R
126.5 2.5 33.0 2.64801 -0.424568 -2.22344 -0.413674 -0.871436 -0.972008 23.0 X Y 296 R
126.529 2.195 41.5 1.26742 -0.211595 -1.05582 -0.207193 -0.412375 -0.473053 25.0 X Y 297 R
126.2 2.4 33.0 0.889555 -4.36445 3.47489 0.50593 2.61153 -2.93078 23.0 X Y 298 SS-R
124.61 -1.19 34.5 0.0602946 1.7242 -1.78449 -0.394919 -0.013848 1.33239 24.0 X Y 299 SS
124.02 -0.883 49.4 0.0651632 1.85778 -1.92294 -0.423028 -0.0162148 1.4137 24.0 X Y 300 SS
122.6 1.3 40.0 4.73059 -4.67556 -0.0550287 -5.25086 0.38866 0.524328 25.0 X Y 301 R
126.5 2.8 33.0 2.11326 0.0668218 -2.18008 0.402365 -2.19832 -0.627664 24.0 X Y 302 R
126.56 2.42 47.9 0.647128 -0.740159 0.0930313 -1.04935 0.931593 0.235073 24.0 X Y 303 R
126.97 3.9 27.7 0.910303 2.32234 -3.23264 -1.59253 1.51971 -4.29432 23.0 X Y 304 SS-R
119.563 0.268 30.0 0.285646 -0.762106 0.47646 0.0731608 -0.478529 -0.626474 26.0 X Y 305 SS-R
126.13 1.67 34.8 0.725195 -0.503826 -0.221368 0.605051 0.596742 -0.349802 24.0 X Y 306 R
120.99 1.8 38.3 -0.139415 -0.119659 0.259075 0.204465 -1.41846 3.70738 23.0 X Y 307 SS
126.45 1.69 37.3 4.81608 -1.16245 -3.65362 2.46737 5.79755 -2.10923 23.0 X Y 308 R
122.7 -0.6 34.0 1.00757 -0.71026 -0.297309 -0.809457 -0.621367 1.46141 23.0 X Y 309 R-SS
125.019 -0.086 50.0 1.45667 -0.77167 -0.685002 0.447768 0.974559 -0.803044 25.0 X Y 310 R
126.3 3.94 15.0 5.16937 -2.34599 -2.82338 0.393595 -1.94072 2.75729 23.0 X Y 311 R
126.332 3.819 17.5 1.58625 -0.586483 -0.999769 0.359583 -0.957246 0.809513 25.0 X Y 312 R
120.1 -0.8 28.0 1.13377 0.155399 -1.28917 -1.5134 -0.737546 -0.831716 24.0 X Y 313 R-SS
120.55 0.32 30.3 0.637568 0.0873873 -0.724955 -0.851045 -0.414752 -0.467708 25.0 X Y 314 R-SS
119.8 -0.3 33.0 0.765788 0.0183089 -0.784097 -0.782168 -0.323098 -0.517616 25.0 X Y 315 R-SS
125.848 0.902 35.0 0.319865 5.86678 -6.18664 1.38816 -0.907062 -2.76148 25.0 X Y 316 SS
125.8 0.4 10.0 -0.689457 3.9511 -3.26165 0.353072 -1.53648 -0.0324181 23.0 X Y 317 SS-N
126.113 0.797 41.8 1.0803 2.60727 -3.68757 -2.14395 -0.973763 -0.810053 23.0 X Y 318 SS-R
126.51 2.51 33.6 1.71496 -1.26004 -0.454917 -1.23348 -0.741151 -0.75711 24.0 X Y 319 R
126.472 1.696 43.4 1.77523 -1.30432 -0.470904 -1.27683 -0.767197 -0.783716 24.0 X Y 320 R
126.174 1.331 35.3 7.88071 -1.77429 -6.10642 2.22102 1.56796 -3.48311 25.0 X Y 321 R
126.6 3.0 0.0 0.969289 0.122944 -1.09223 0.370254 -4.88648 -2.55621 23.0 X Y 322 R
125.9 0.4 0.0 1.61372 -0.498362 -1.11536 2.12962 -1.46754 -4.78389 23.0 X Y 323 SS-R
126.72 1.58 25.1 1.36916 0.173663 -1.54282 0.522997 -6.90233 -3.61074 23.0 X Y 324 R
126.153 1.184 30.0 0.28772 -0.0970237 -0.190696 2.21762 -1.60498 0.166481 24.0 X Y 325 R
126.106 1.241 39.2 1.07202 0.542634 -1.61465 0.778319 -0.790747 -0.796247 25.0 X Y 326 R-SS
126.081 1.221 21.7 6.33677 -0.767037 -5.56973 2.51631 1.40138 -2.66609 23.0 X Y 327 R
123.713 -1.274 25.0 0.115838 7.84238 -7.95821 -0.972907 0.416195 -5.25895 24.0 X Y 328 SS
126.91 4.4 44.0 0.875884 -0.0435612 -0.832323 0.429682 0.511811 -0.285363 24.0 X Y 329 R
126.68 2.94 47.2 1.28201 -0.351159 -0.930851 -0.50085 -0.785702 -0.571869 24.0 X Y 330 R
119.568 0.295 36.8 -0.0581531 -0.964864 1.02302 -0.241283 -0.508156 -1.6634 24.0 X Y 331 SS
126.84 3.33 48.4 1.26304 0.0179784 -1.28101 0.340606 0.870948 -0.137956 24.0 X Y 332 R
120.0 1.2 16.0 2.03196 -1.8751 -0.156863 -3.34379 -0.117687 -0.905226 23.0 X Y 333 R
123.1 -0.5 45.0 1.23722 -0.940242 -0.296977 0.932365 0.147429 -0.607755 24.0 X Y 334 R
121.496 -0.381 42.0 -0.842363 0.978324 -0.13596 -0.367026 0.846931 1.2715 24.0 X Y 335 SS-N
126.61 4.09 24.6 0.324303 0.198755 -0.523059 0.58913 0.838242 -0.00824963 24.0 X Y 336 R
124.21 0.97 39.4 0.913096 -0.679804 -0.233292 0.612207 0.116475 -0.442051 24.0 X Y 337 R
126.49 4.09 17.2 1.13873 -0.374959 -0.763766 0.286836 -1.80286 0.817902 24.0 X Y 338 R
126.52 2.44 36.1 3.65526 -3.63824 -0.0170185 1.53733 -0.169105 -0.397378 23.0 X Y 339 R
126.49 2.73 31.3 -0.1356 -3.45295 3.58855 -5.71192 2.33885 -3.54824 23.0 X Y 340 SS-N
126.96 2.97 41.8 3.64765 -0.875309 -2.77234 1.82008 -4.09506 -5.66875 23.0 X Y 341 R-SS
126.2 0.3 28.0 2.64527 -0.672217 -1.97306 -1.49755 1.1364 -2.57754 23.0 X Y 342 R-SS
125.46 0.31 41.3 3.00118 0.259841 -3.26102 -0.948017 4.15066 -1.90831 23.0 X Y 343 R
125.997 0.632 40.0 1.08689 -0.0510114 -1.03588 0.0100457 -0.317137 -0.24307 25.0 X Y 344 R
121.1 -0.6 0.0 -4.44985 4.44373 0.00611601 -0.324881 0.143203 0.229341 24.0 X Y 345 N
126.0 0.3 35.0 -0.104939 0.133144 -0.0282054 0.466972 -1.91773 -0.265607 23.0 X Y 346 N
126.165 0.551 25.0 -1.70312 0.279246 1.42388 -1.0355 -3.33517 0.661038 24.0 X Y 347 N
126.76 -0.28 12.0 4.72536 -0.23212 -4.49324 0.0185183 -2.97165 -1.22705 23.0 X Y 348 R
126.38 1.52 37.2 1.33179 -0.0654202 -1.26637 0.00521916 -0.837526 -0.345831 24.0 X Y 349 R
126.212 1.359 37.2 1.47718 -0.0725625 -1.40462 0.00578896 -0.928963 -0.383587 24.0 X Y 350 R
126.248 0.955 23.4 1.87333 -0.240587 -1.63274 -0.0705608 -0.183817 -0.626751 24.0 X Y 351 R
120.84 1.219 30.0 -1.08329 0.372548 0.710744 0.0609729 0.378323 0.541646 24.0 X Y 352 N
120.165 1.033 15.0 1.11779 -1.01795 -0.099838 -2.09164 -0.222541 -0.426724 24.0 X Y 353 R
123.1 -1.54 33.0 0.0539682 1.31976 -1.37373 -0.315635 0.113215 0.258673 23.0 X Y 354 SS
123.376 -1.212 30.0 0.168561 4.02604 -4.1946 -0.96786 0.333759 0.810342 24.0 X Y 355 SS
123.409 -1.437 30.0 1.77719 0.828022 -2.60521 -1.21444 0.408118 -0.349927 24.0 X Y 356 R-SS
123.57 -1.41 21.0 -0.0890745 3.29756 -3.20849 -0.954642 1.00783 0.27212 22.0 X Y 357 SS-N
126.53 0.02 33.0 0.229388 1.61973 -1.84912 -2.2537 -5.39514 1.60508 24.0 X Y 358 R
123.312 -1.373 15.0 0.359831 1.83665 -2.19648 -0.891202 -0.558303 0.317364 24.0 X Y 359 SS-R
126.33 1.16 33.0 3.85248 -0.581337 -3.27114 2.19977 2.15902 -1.63663 22.0 X Y 360 R
126.38 1.454 32.7 4.1758 -0.630127 -3.54568 2.38439 2.34022 -1.77398 23.0 X Y 361 R
124.0 -1.62 33.0 0.03425 2.15274 -2.18699 0.42101 -0.284585 0.210842 24.0 X Y 362 SS
121.45 -0.99 33.0 -1.16982 1.28008 -0.110265 5.42512 0.747491 -0.349976 23.0 X Y 363 N
121.88 -1.01 33.0 -0.329699 0.360776 -0.0310768 1.52901 0.210672 -0.0986366 24.0 X Y 364 N
119.95 -0.49 20.0 -3.36648 0.129553 3.23693 -2.15391 -3.08931 -5.00217 22.0 X Y 365 N-SS
120.25 -0.62 27.2 -0.753661 0.0290032 0.724658 -0.4822 -0.691611 -1.11985 24.0 X Y 366 N-SS
126.22 1.85 33.0 1.20341 -0.1637 -1.03971 -2.18447 -0.660939 -1.20686 23.0 X Y 367 R
125.76 0.83 33.0 0.829464 0.042687 -0.872151 0.265639 1.09457 0.0371911 23.0 X Y 368 R
126.52 2.835 38.1 1.27378 0.0556231 -1.3294 0.376338 1.58916 0.0405222 24.0 X Y 369 R
123.465 1.281 41.6 0.435215 -0.533251 0.0980363 -0.833654 0.399668 -0.00861274 24.0 X Y 370 R
122.88 1.53 41.6 0.466341 -0.571389 0.105048 -0.893277 0.428252 -0.00922872 24.0 X Y 371 R
126.48 0.63 33.0 6.88682 -1.13944 -5.74738 1.25767 0.372399 -2.74204 22.0 X Y 372 R
126.218 1.574 35.0 3.74355 -0.977039 -2.76651 2.49941 -0.650131 -3.1942 24.0 X Y 373 R-SS
126.444 1.645 30.0 1.66252 0.265073 -1.92759 1.03056 -0.286799 -1.03739 25.0 X Y 374 R-SS
121.12 -1.09 33.0 3.49436 -0.635184 -2.85917 -0.125395 0.503816 -1.38754 22.0 X Y 375 R
126.308 1.325 38.5 1.56087 -0.283726 -1.27714 -0.0560117 0.225046 -0.619793 24.0 X Y 376 R
126.37 1.45 28.2 6.73628 -3.36814 -3.36814 2.97642 2.97642 -3.36814 23.0 X Y 377 R
126.272 1.436 15.0 0.162878 0.272419 -0.435297 0.298045 -0.988718 -0.483667 24.0 X Y 378 R
121.88 -0.93 15.0 -3.2176 4.79111 -1.57351 -2.1841 -2.26933 -1.95214 23.0 X Y 379 N-SS
125.17 0.47 33.0 1.08522 -1.06022 -0.0250028 0.708673 1.34215 -0.725457 23.0 X Y 380 R
126.24 2.56 33.0 1.35267 -0.309271 -1.0434 0.650748 0.372532 -0.665289 24.0 X Y 381 R
126.328 1.508 35.0 3.36879 -0.723496 -2.6453 1.72598 1.03707 -1.65187 24.0 X Y 382 R
126.942 2.78 35.0 5.28313 -1.08022 -4.20291 1.84772 3.36483 -2.13316 24.0 X Y 383 R
126.92 2.7 42.2 -0.518383 2.89543 -2.37705 -1.05736 -1.65643 -7.21683 23.0 X Y 384 SS
125.73 0.61 30.0 1.90287 3.58689 -5.48976 2.64214 -0.96166 -0.636407 23.0 X Y 385 SS-R
126.461 1.058 25.6 3.38319 0.324628 -3.70782 1.55325 -0.314842 -1.34946 23.0 X Y 386 R-SS
126.551 1.086 10.0 3.03093 0.210245 -3.24118 2.76785 2.98164 -1.05977 23.0 X Y 387 R
126.44 1.14 21.0 4.35235 -0.120063 -4.23229 -0.708784 0.049563 -1.00646 24.0 X Y 388 R
126.358 1.079 30.0 1.5612 -0.0388677 -1.52233 -0.25271 0.0433015 -0.355632 25.0 X Y 389 R
126.56 1.34 31.7 1.7327 -0.0477979 -1.6849 -0.282172 0.0197314 -0.400681 25.0 X Y 390 R
126.056 1.212 42.7 5.58057 1.84271 -7.42327 -4.37682 -0.89042 -2.76994 23.0 X Y 391 R-SS
125.34 1.39 15.0 -0.155731 -1.42659 1.58232 5.02859 5.95767 -0.183257 23.0 X Y 392 N
125.848 0.878 15.0 -0.166869 -1.52862 1.69549 5.38823 6.38376 -0.196364 23.0 X Y 393 N
125.1 -0.4 33.0 2.20012 -2.30467 0.104545 1.49545 0.76245 -0.209987 23.0 X Y 394 R
125.884 0.872 25.0 0.533684 0.0527733 -0.586457 0.206799 -0.724723 -0.48812 25.0 X Y 395 R-SS
126.56 4.121 24.9 4.28849 0.360685 -4.64918 -4.65738 -1.47548 -3.31931 23.0 X Y 396 R-SS
126.476 1.837 20.0 3.80959 -1.22299 -2.58661 -0.206723 -2.10116 -2.03603 24.0 X Y 397 R
126.549 3.561 31.2 0.893353 0.0290393 -0.922392 0.556401 0.67911 -0.252881 24.0 X Y 398 R
126.32 1.33 32.7 6.47548 0.129296 -6.60477 1.50439 -3.62191 -2.22003 23.0 X Y 399 R
119.0 -1.0 33.0 0.815136 0.995679 -1.81082 2.48999 0.293105 -2.66374 23.0 X Y 400 SS-R
119.901 -1.161 38.3 1.51786 1.85404 -3.3719 4.63659 0.545788 -4.96011 23.0 X Y 401 SS-R
120.51 -1.34 38.3 1.62641 1.98664 -3.61305 4.96819 0.584822 -5.31486 23.0 X Y 402 SS-R
123.4 -0.2 33.0 0.824209 0.349123 -1.17333 -0.635373 0.289839 -0.646991 23.0 X Y 403 R-SS
126.67 3.03 33.0 -0.874701 -0.916751 1.79145 1.35547 -1.90003 0.297438 23.0 X Y 404 N
126.361 3.036 40.0 -0.914293 0.617499 0.296794 -0.748223 4.23846 -1.48409 24.0 X Y 405 N
120.215 -1.776 23.0 0.324959 4.05538 -4.38034 -1.72599 1.16398 0.428705 23.0 X Y 406 SS-R
122.5 -0.7 21.0 0.0770598 0.961681 -1.03874 -0.409298 0.276024 0.101662 24.0 X Y 407 SS-R
119.41 -1.11 35.0 -0.351429 0.0599926 0.291437 -0.0899783 -1.09061 -0.831699 23.0 X Y 408 N-SS
119.836 0.692 35.0 -1.55181 0.26491 1.2869 -0.397318 -4.8158 -3.67254 23.0 X Y 409 N-SS
123.4 1.46 29.0 -0.0957448 -1.31885 1.41459 -0.624456 -0.487879 0.0955117 24.0 X Y 410 SS-N
125.33 1.1 33.0 1.08428 -0.408492 -0.675785 0.476467 1.03566 -0.559172 24.0 X Y 411 R
126.674 3.598 17.6 4.2171 0.0437056 -4.26081 0.75577 5.11106 -0.0633924 23.0 X Y 412 R
126.847 3.372 37.4 3.14656 0.122614 -3.26917 0.63243 -1.46789 -0.16166 23.0 X Y 413 R
126.835 3.427 19.8 0.662087 -1.84607e-17 -0.662087 -0.19635 0.735322 0.0753716 24.0 X Y 414 R
126.782 3.41 15.0 2.04333 -0.0155214 -2.02781 -0.621066 7.09881 0.17741 23.0 X Y 415 R
126.911 3.454 28.1 2.62607 -0.0956617 -2.5304 3.50973 6.27019 -0.772485 23.0 X Y 416 R
126.89 3.98 28.1 2.71835 -0.0990235 -2.61933 3.63307 6.49054 -0.799631 23.0 X Y 417 R
123.19 -0.598 39.1 1.87616 -3.82611 1.94995 -2.97604 2.00005 -1.92473 23.0 X Y 418 R-SS
125.8 0.86 33.0 2.1207 0.918578 -3.03928 4.04548 1.58336 -2.3368 23.0 X Y 419 R-SS
125.92 0.28 31.8 2.1207 0.918578 -3.03928 4.04548 1.58336 -2.3368 23.0 X Y 420 R-SS
125.985 0.898 31.8 2.43489 1.05467 -3.48956 4.64483 1.81794 -2.68301 23.0 X Y 421 R-SS
126.57 2.47 27.3 2.63013 -1.09182 -1.53831 2.46262 0.182875 -2.12437 23.0 X Y 422 R-SS
126.472 4.09 28.0 5.41927 -0.633934 -4.78534 -0.129609 -0.356099 -1.74172 23.0 X Y 423 R
126.519 4.1 27.7 6.27604 -0.715029 -5.56101 -1.63893 -3.00155 -2.0441 23.0 X Y 424 R
126.76 3.44 33.0 7.61848 1.04247 -8.66095 -4.36661 0.270595 -3.71341 22.0 X Y 425 R-SS
126.534 4.137 37.3 6.05157 0.828065 -6.87964 -3.46852 0.214941 -2.94967 23.0 X Y 426 R-SS
126.54 4.18 48.8 3.89408 -0.0952948 -3.79878 -0.129483 -0.817521 -0.601668 23.0 X Y 427 R
119.39 -0.92 21.0 1.93129 -0.323305 -1.60798 -2.78414 -1.88935 -1.14797 23.0 X Y 428 R
119.61 -1.545 35.8 4.42433 -0.740649 -3.68368 -6.3781 -4.32824 -2.62986 23.0 X Y 429 R
119.833 0.454 17.0 -3.00756 4.1606 -1.15305 -3.62311 -2.35564 -5.26661 24.0 X Y 430 SS-N
120.45 -0.95 15.0 -1.03256 1.02958 0.00298305 -0.415141 0.120626 -0.0944352 24.0 X Y 431 N
120.191 -1.485 15.0 -1.06885 1.06576 0.00308789 -0.429729 0.124865 -0.0977539 24.0 X Y 432 N
126.052 0.958 41.4 0.830209 0.288503 -1.11871 -0.524344 -0.506496 0.0730937 24.0 X Y 433 R-SS
121.917 1.087 27.5 5.89221 -5.63751 -0.254698 -5.66689 0.835506 1.23056 23.0 X Y 434 R
122.822 1.322 34.8 1.91352 -1.96576 0.052236 -2.56517 0.606332 0.0566868 24.0 X Y 435 R
126.236 1.026 27.2 -0.0347557 0.141305 -0.106549 -0.0850384 0.842423 -0.602749 24.0 X Y 436 SS-N
124.27 1.16 33.0 -0.482667 -2.59088 3.07355 3.43243 -1.09187 -3.23308 23.0 X Y 437 SS-N
124.23 0.71 24.6 -0.482667 -2.59088 3.07355 3.43243 -1.09187 -3.23308 23.0 X Y 438 SS-N
123.963 -0.012 24.6 -0.535362 -2.87374 3.40911 3.80717 -1.21107 -3.58605 23.0 X Y 439 SS-N
126.13 1.347 47.9 2.86826 0.292469 -3.16073 1.92209 2.7828 -0.550678 23.0 X Y 440 R
121.361 -1.314 20.0 1.9682 0.0672406 -2.03544 -0.68233 -0.1727 -0.52935 25.0 X Y 441 R
121.3 -1.26 15.0 2.271 0.069457 -2.34045 -0.767007 -0.199219 -0.60133 25.0 X Y 442 R
126.35 1.739 37.5 1.01587 -0.426102 -0.589767 0.155301 0.200604 -0.501426 24.0 X Y 443 R
126.94 2.69 38.0 5.83379 -1.21782 -4.61597 4.3096 2.46179 -3.17033 23.0 X Y 444 R
126.372 1.473 30.0 -4.28859 2.09202 2.19656 4.10146 6.1961 2.26289 24.0 X Y 445 N
123.2 -1.16 34.0 1.02427 1.74101 -2.76528 -1.33539 0.329137 -0.433768 23.0 X Y 446 SS-R
126.46 1.01 34.4 1.83652 -0.358618 -1.4779 0.292955 -0.982065 -1.05773 24.0 X Y 447 R-SS
126.363 0.875 25.0 2.18469 -0.423343 -1.76135 0.359634 -1.15539 -1.26014 24.0 X Y 448 R-SS
126.38 0.41 44.0 7.31132 -1.42768 -5.88363 1.16627 -3.90967 -4.2109 24.0 X Y 449 R-SS
122.018 -0.733 20.1 -6.984 1.48641 5.49759 -0.03038 1.44863 -2.92952 23.0 X Y 450 N
126.91 3.07 42.3 0.731534 -0.0114585 -0.720076 0.277832 0.799006 -0.128189 24.0 X Y 451 R
121.95 -0.87 33.0 -1.48841 0.952397 0.536008 0.200639 0.322855 -0.813964 24.0 X Y 452 N
125.67 -0.04 45.0 1.14245 -0.710698 -0.431756 0.49752 0.923285 -0.643081 24.0 X Y 453 R
124.15 -0.17 39.0 5.34737 -0.0179917 -5.32938 -0.0419943 1.73877 0.31498 23.0 X Y 454 R
120.438 1.089 41.8 1.0733 -0.938852 -0.134447 -1.83787 0.287752 0.437082 24.0 X Y 455 R
121.03 1.51 41.8 1.15236 -1.01357 -0.138789 -1.87928 0.294688 0.45396 24.0 X Y 456 R
123.424 -0.683 41.4 -0.234156 0.0646492 0.169507 -0.398967 -1.38539 -4.85609 23.0 X Y 457 SS
123.97 -0.81 41.4 -0.25972 0.0717072 0.188013 -0.442525 -1.53664 -5.38625 23.0 X Y 458 SS
123.98 -1.64 30.0 0.21203 1.14997 -1.362 -0.752733 -0.573782 -0.0694611 24.0 X Y 459 SS-R
126.249 0.893 43.1 6.35282 -1.2231 -5.12972 1.11354 -1.69289 -3.11014 23.0 X Y 460 R
126.3 0.8 21.0 5.79384 -1.11548 -4.67836 1.01556 -1.54393 -2.83648 24.0 X Y 461 R
126.83 1.36 15.0 2.80837 -0.393827 -2.41455 -0.619696 7.26026 1.75049 23.0 X Y 462 R
123.11 -0.41 33.0 0.864841 0.144728 -1.00957 0.458129 -0.113559 -0.376939 24.0 X Y 463 R-SS
124.63 -0.17 31.0 2.05238 -1.03266 -1.01972 1.02749 3.39622 4.90525 24.0 X Y 464 SS-R
126.54 0.41 37.0 0.566762 0.651016 -1.21778 0.655606 -1.55206 -1.02916 24.0 X Y 465 R-SS
125.29 -0.44 26.0 1.77125 -0.0260128 -1.74524 0.0478411 -0.902272 -0.269734 23.0 X Y 466 R
126.41 0.28 42.0 1.40695 -0.0206627 -1.38629 0.0380015 -0.7167 -0.214257 24.0 X Y 467 R
126.72 2.57 42.4 0.636013 -0.196768 -0.439246 -0.0949782 -0.85361 -0.450745 24.0 X Y 468 R
125.99 0.57 50.0 2.35465 -0.0437393 -2.31091 -0.633681 -0.142625 -0.666614 25.0 X Y 469 R
126.963 2.064 30.0 1.30684 -0.565406 -0.741436 -5.45553 2.83566 0.847535 24.0 X Y 470 R
126.852 2.003 37.6 -0.32929 0.471167 -0.141877 -2.91973 1.13623 0.0943689 24.0 X Y 471 N
126.417 1.586 31.0 2.35265 -0.0130319 -2.33962 -0.243003 0.768781 -0.393719 25.0 X Y 472 R
126.09 1.21 20.0 2.03612 -0.129813 -1.9063 0.156959 -0.832736 -0.628871 24.0 X Y 473 R
123.08 0.67 9.4 0.83151 -0.895213 0.0637029 -0.831524 -0.329256 0.668569 23.0 X Y 474 R-SS
122.62 1.54 34.4 1.65908 -1.78618 0.127104 -1.65911 -0.656952 1.33397 23.0 X Y 475 R-SS
126.35 4.0 25.3 -0.0578569 7.90168 -7.84382 0.064321 0.686672 0.798371 23.0 X Y 476 SS
126.648 2.128 35.3 1.98583 -0.578854 -1.40697 -0.295583 -0.575148 -0.904385 24.0 X Y 477 R
124.852 -0.116 25.0 1.428 -0.758814 -0.669183 0.404038 2.09996 -1.21709 24.0 X Y 478 R
126.83 3.66 49.6 0.168733 0.212696 -0.38143 0.190892 1.20948 1.54019 23.0 X Y 479 SS-R
126.8 2.0 33.0 5.50443 0.750065 -6.25449 -4.11577 -0.819612 -3.23951 23.0 X Y 480 R-SS
125.94 0.56 35.4 5.16881 -0.284961 -4.88384 -1.21024 -1.72969 -1.35699 23.0 X Y 481 R
126.14 0.59 30.4 -0.0884055 -2.33556 2.42397 1.04949 -1.06222 0.21072 23.0 X Y 482 SS-N
123.36 -0.64 33.0 1.91428 -2.16048 0.246199 0.0186446 0.797456 -0.423315 24.0 X Y 483 R
124.65 0.81 33.0 0.128275 -3.82316 3.69488 -0.799136 1.03133 -0.0641375 23.0 X Y 484 SS
126.21 1.41 23.6 -1.77278 1.72898 0.0438022 -0.616508 0.565156 -0.463204 23.0 X Y 485 N
126.63 -0.19 20.8 -2.22896 2.63603 -0.407074 0.633899 1.1554 0.406449 23.0 X Y 486 N-SS
126.721 3.569 27.0 0.357834 0.102476 -0.46031 0.287164 0.866291 0.123102 24.0 X Y 487 R
120.02 -2.88 33.0 3.48741 -1.27931 -2.20811 0.0854369 -0.582599 1.7045 22.0 X Y 488 R
125.09 -0.34 41.0 4.38098 -2.44921 -1.93177 0.342297 2.95268 -2.88542 23.0 X Y 489 R-SS
120.231 0.946 22.0 -2.83319 2.8915 -0.058317 -4.63906 -2.92791 0.784504 23.0 X Y 490 N
120.145 0.959 30.6 2.79279 -2.16103 -0.631756 -4.47205 -1.0251 -1.42395 23.0 X Y 491 R
119.57 -0.96 26.5 -0.817122 0.744457 0.0726645 -1.08696 -0.773231 -2.35591 23.0 X Y 492 SS-N
121.8 -1.26 42.0 0.38808 -0.639988 0.251908 -1.06831 0.321026 -0.66264 23.0 X Y 493 R-SS
125.1 -0.33 30.2 3.68057 -2.23048 -1.45009 -0.0265989 3.34049 -3.18606 23.0 X Y 494 R-SS
126.66 2.39 16.0 -2.06703 2.39225 -0.325216 -7.10884 0.822024 2.61414 23.0 X Y 495 N
125.7 1.8 33.0 0.579127 -6.2628 5.68367 -1.38275 -1.8484 2.97642 22.0 X Y 496 SS
125.841 1.281 35.0 0.280517 -0.21417 -0.066347 1.25039 -1.55581 0.159103 24.0 X Y 497 R
126.718 3.678 14.9 6.53417 0.916889 -7.45106 3.65816 2.61979 -1.63432 23.0 X Y 498 R-SS
120.043 -1.101 15.0 -4.59701 7.48995 -2.89295 0.160906 -5.3831 -4.86776 23.0 X Y 499 N-SS
120.013 -1.19 10.0 -2.09646 2.10105 -0.00459059 0.264772 -1.47126 -1.29543 25.0 X Y 500 N-SS
123.9 -0.2 14.9 2.83587 1.09855 -3.93442 1.77053 0.562001 0.1844 23.0 X Y 501 R-SS
125.4 -0.6 33.0 2.42246 0.0756541 -2.49811 -0.505372 -1.27628 -0.0409993 23.0 X Y 502 R
125.883 0.928 31.8 7.83892 0.244812 -8.08374 -1.63535 -4.12997 -0.132671 23.0 X Y 503 R
126.429 2.637 25.8 5.82137 -0.634305 -5.18707 1.78566 2.08958 3.2901 24.0 X Y 504 R-SS
126.203 1.131 15.0 1.38374 0.0423121 -1.42606 -3.83122 -4.39511 -0.580931 23.0 X Y 505 R
126.14 0.48 32.7 0.799639 2.97385 -3.77349 -1.94369 0.525703 -3.96324 23.0 X Y 506 SS-R
120.62 -1.04 28.1 -1.99374 1.99374 -2.96236e-18 0.069623 -0.0250489 -0.0241895 23.0 X Y 507 N
126.528 2.932 35.0 7.59145 -0.1751 -7.41635 -0.169368 5.14485 -1.51133 24.0 X Y 508 R
126.71 2.98 45.3 0.964398 -0.014576 -0.949822 -0.0817386 0.540333 -0.209915 24.0 X Y 509 R
126.145 1.046 31.3 0.84117 -0.506363 -0.334807 -0.260811 0.371453 -0.656403 24.0 X Y 510 R-SS
120.0 1.5 33.0 -0.351642 1.24756 -0.895921 -0.110728 0.603631 0.614216 23.0 X Y 511 SS-N
126.561 2.151 30.0 0.992292 -0.185073 -0.807219 -0.0805432 -0.23496 -0.387539 25.0 X Y 512 R
126.72 2.48 38.2 2.02614 -0.0326781 -1.99346 0.770556 -1.18095 -1.38375 23.0 X Y 513 R-SS
126.56 2.97 26.1 0.585546 0.244619 -0.830165 0.37848 -0.631446 -0.41354 24.0 X Y 514 R-SS
126.52 2.9 25.4 -0.0745522 1.2678 -1.19325 -0.674993 -0.499148 -0.537368 24.0 X Y 515 SS-N
119.998 -1.227 10.0 -5.23457 6.59352 -1.35895 0.947837 -4.54338 -3.35878 24.0 X Y 516 N-SS
126.585 2.742 45.0 4.00525 1.78751 -5.79276 2.71032 -5.95262 -3.20259 24.0 X Y 517 R-SS
126.45 2.64 31.4 2.7092 -1.34544e-16 -2.7092 -0.549317 4.69355e-16 0.549317 23.0 X Y 518 R
125.131 -0.164 35.0 2.00516 -1.5245 -0.480652 1.30679 6.04522 -2.7272 24.0 X Y 519 R
126.68 2.73 29.4 3.44359 0.154756 -3.59835 -0.740416 1.62676 -0.489062 23.0 X Y 520 R
125.1 -0.41 30.7 2.34869 -1.20781 -1.14088 -1.37481 0.473079 1.30038 23.0 X Y 521 R
126.43 2.94 31.8 3.78622 -0.486256 -3.29997 0.440871 -1.14851 1.26674 23.0 X Y 522 R
126.69 2.82 31.4 5.10273 1.76203 -6.86476 3.02485 -3.16878 -2.40229 23.0 X Y 523 R-SS
126.85 2.65 36.2 1.36638e-16 1.01113 -1.01113 0.56076 -0.160795 1.61814 23.0 X Y 524 SS
126.23 1.74 37.4 1.39315 2.56148 -3.95463 -2.93429 -0.238955 -3.29925 23.0 X Y 525 SS-R
126.184 0.799 50.0 3.82948 -0.295553 -3.53393 -0.403297 -1.17783 -1.02357 24.0 X Y 526 R
126.67 2.19 30.7 -0.891802 1.03017 -0.138369 -0.346031 0.432306 -0.120184 24.0 X Y 527 N-SS
124.6 -0.8 33.0 4.50819 -3.17006 -1.33814 1.35779 5.57733 -3.75015 23.0 X Y 528 R-SS
124.732 -0.196 30.0 2.35298 -1.64152 -0.711461 0.694904 2.9873 -2.00183 25.0 X Y 529 R-SS
119.94 -0.24 12.0 -0.345653 0.477712 -0.132059 -0.580888 -1.02502 -3.77866 23.0 X Y 530 SS
125.56 1.67 10.0 5.20776 -0.4214 -4.78636 1.03479 -5.00393 -3.44701 23.0 X Y 531 R-SS
124.05 -0.64 13.9 -0.326048 -1.04885 1.3749 -3.12348 0.901077 -1.93196 23.0 X Y 532 N-SS
126.65 3.8 35.0 3.95457 -0.0819869 -3.87258 1.79771 2.00508 3.00825 23.0 X Y 533 R-SS
126.405 3.822 40.0 -0.885691 1.41642 -0.530729 0.774326 -0.723176 0.985917 25.0 X Y 534 N-SS
126.41 3.78 45.0 0.417767 0.00970493 -0.427472 0.225305 1.51077 0.0032152 24.0 X Y 535 R
124.796 -0.224 35.0 1.67029 -1.5007 -0.169594 0.312033 2.35344 -1.89144 25.0 X Y 536 R-SS
125.92 -0.24 31.4 1.77314 -1.57256 -0.20058 0.316059 2.41646 -1.95485 25.0 X Y 537 R-SS
126.374 1.536 25.0 1.80193 0.0596576 -1.86159 0.901716 -1.29364 -1.69264 24.0 X Y 538 R-SS
121.832 1.25 36.6 -1.02171 0.836701 0.185007 -0.673287 -0.212135 0.401756 24.0 X Y 539 N
121.836 1.205 24.4 -1.92623 1.85315 0.0730857 -1.25897 -0.625438 0.450875 24.0 X Y 540 N
123.294 -0.372 30.0 1.79691 1.23953 -3.03644 1.71087 -0.476023 -1.56299 25.0 X Y 541 R-SS
123.31 -0.448 36.2 3.56785 0.159332 -3.72718 1.86315 -0.825045 -2.21625 23.0 X Y 542 R-SS
119.695 0.231 35.0 -8.49065 0.0780475 8.4126 0.414657 0.0656753 -0.912599 23.0 X Y 543 N
124.96 -0.17 21.0 4.77914 -2.85189 -1.92725 1.4432 3.54238 -2.79921 24.0 X Y 544 R
123.23 -0.41 45.0 3.79784 0.0434172 -3.84126 0.699548 -0.552997 -0.680708 23.0 X Y 545 R
123.54 -0.49 31.0 3.18016 1.35886 -4.53902 2.76033 -0.596616 -2.71406 23.0 X Y 546 R-SS
123.248 -0.397 35.7 0.59903 0.255961 -0.854991 0.519949 -0.112382 -0.511234 25.0 X Y 547 R-SS
126.219 1.697 35.6 4.69819 -0.716805 -3.98138 -0.0264722 -1.78351 -1.81749 23.0 X Y 548 R
121.79 1.28 46.3 2.7092 -2.68862 -0.0205794 -0.773895 -0.0677071 -0.235224 23.0 X Y 549 R
122.926 1.421 18.9 4.22053 -4.24811 0.0275751 -2.6652 -0.753538 -0.32065 23.0 X Y 550 R
125.09 -0.31 35.0 4.42052 -4.21038 -0.210139 3.42726 0.553324 -0.956207 23.0 X Y 551 R
125.178 -0.364 36.0 4.32457 -3.68305 -0.641522 3.24148 -0.38089 -2.31687 24.0 X Y 552 R-SS
125.12 -0.35 36.0 4.77864 -4.1396 -0.639039 3.61513 -0.462051 -2.51755 24.0 X Y 553 R-SS
125.06 -0.27 36.0 1.13368 -0.754877 -0.378801 1.2703 0.231165 -0.704202 25.0 X Y 554 R
124.83 -0.18 35.0 4.10127 -3.26202 -0.839249 1.67834 0.441019 -1.69071 24.0 X Y 555 R
126.74 4.25 28.0 2.79056 -0.140677 -2.64988 -0.278634 -0.153436 -0.653949 23.0 X Y 556 R
126.84 4.29 28.5 2.65023 -0.369672 -2.28056 -0.376947 0.632833 -1.10455 23.0 X Y 557 R
126.527 4.18 28.5 1.62937 -0.0808443 -1.54852 -0.0953121 -0.155932 -0.358455 24.0 X Y 558 R
126.44 3.92 12.0 0.802427 0.0339243 -0.836352 0.241966 0.726368 -0.0224615 24.0 X Y 559 R
126.79 2.34 35.0 2.11749 -0.00931402 -2.10817 0.0793583 -0.709158 -0.196354 24.0 X Y 560 R
126.78 2.32 36.0 3.08717 0.0502127 -3.13739 0.412034 -0.369569 0.0739949 24.0 X Y 561 R
126.67 2.62 35.0 -6.81214 3.61595 3.19619 -1.89938 2.02442 4.53231 23.0 X Y 562 N
121.87 -0.56 22.2 -0.0170801 1.31831 -1.30123 0.214763 0.153378 -2.48151 23.0 X Y 563 SS
126.279 0.978 14.0 -4.94429 0.652128 4.29217 -0.0858096 -1.02218 -1.73342 23.0 X Y 564 N
126.023 1.071 30.9 0.640972 0.539492 -1.18046 0.652494 -0.0441663 -0.429176 24.0 X Y 565 R-SS
126.33 1.21 33.6 1.44699 -0.242583 -1.20441 -0.294426 -0.574902 -0.541365 24.0 X Y 566 R
126.304 1.009 33.6 1.66137 -0.278523 -1.38284 -0.338046 -0.660076 -0.621571 24.0 X Y 567 R
126.364 1.055 20.0 2.29283 -0.549137 -1.7437 0.0955551 -0.390626 -1.01692 25.0 X Y 568 R
126.287 0.948 24.2 7.2769 -1.90364 -5.37326 0.777296 -0.629442 -3.35099 23.0 X Y 569 R
126.45 1.138 28.0 6.5492 -0.787101 -5.7621 1.6461 -2.94283 -3.65638 23.0 X Y 570 R-SS
126.41 0.45 28.3 1.07593 -0.171125 -0.904801 -0.138766 0.193816 -0.446455 24.0 X Y 571 R
126.211 0.911 37.8 1.73913 0.0239442 -1.76307 0.335526 0.193849 0.307202 24.0 X Y 572 R
126.121 1.226 28.7 1.86114 -0.0679138 -1.79323 -0.372847 0.463645 -0.61461 24.0 X Y 573 R
126.169 1.113 28.1 1.33787 -0.288197 -1.04967 0.00384653 0.570687 0.612118 24.0 X Y 574 R
126.001 1.005 15.0 1.38541 -0.00417483 -1.38123 -0.0247514 -2.84051 -0.131643 24.0 X Y 575 R
126.502 1.301 31.8 3.38747 -0.485075 -2.9024 0.83212 1.61388 -1.19456 23.0 X Y 576 R
126.9 1.27 23.6 1.89642 -0.225038 -1.67138 0.158111 1.15598 -0.655963 24.0 X Y 577 R
126.592 1.25 23.6 2.03205 -0.241132 -1.79092 0.169419 1.23866 -0.702877 24.0 X Y 578 R
126.186 1.233 20.0 3.45079 -0.186366 -3.26442 0.0956109 -1.42135 -0.892425 24.0 X Y 579 R
126.637 1.175 21.3 2.15004 -0.109665 -2.04038 -0.114844 1.63637 -0.704247 24.0 X Y 580 R
126.364 1.064 20.0 6.70181 -1.69105 -5.01075 2.69044 0.691493 -3.47516 24.0 X Y 581 R
126.143 1.384 25.0 0.585193 0.00688203 -0.592075 -0.466037 -1.33144 -0.0881999 24.0 X Y 582 R
125.95 1.64 15.0 0.605758 0.00712388 -0.612882 -0.482414 -1.37823 -0.0912994 24.0 X Y 583 R
126.18 0.92 18.0 -2.4366 0.840035 1.59657 -1.15902 0.205829 -1.40062 23.0 X Y 584 N
126.328 1.181 39.5 1.56925 -0.26824 -1.30101 -0.170273 -0.0548007 -0.605256 24.0 X Y 585 R
126.34 1.3 39.5 1.56925 -0.26824 -1.30101 -0.170273 -0.0548007 -0.605256 24.0 X Y 586 R
126.14 0.82 18.6 -2.15375 1.71799 0.435756 -1.667 0.720312 -0.869211 23.0 X Y 587 N
126.87 3.28 37.8 2.99365 -0.0592459 -2.9344 0.862002 2.45782 -0.526224 23.0 X Y 588 R
126.802 -0.014 40.0 1.49419 -0.0353821 -1.45881 0.41734 -8.46372 0.375792 24.0 X Y 589 R
126.9 4.25 28.1 5.46637 -0.186954 -5.27942 0.498208 -0.998886 -1.2176 23.0 X Y 590 R
126.275 1.185 33.8 0.933973 0.134357 -1.06833 -0.529434 -0.460068 -0.20251 24.0 X Y 591 R-SS
127.0 4.32 44.0 1.24815 0.202428 -1.45058 0.675089 0.0747776 -0.446125 24.0 X Y 592 R-SS
126.984 4.168 18.9 5.67307 1.00854 -6.68161 2.39254 -0.106733 -0.101665 23.0 X Y 593 R-SS
126.328 1.209 35.0 2.73711 -0.262234 -2.47488 -0.28295 0.255816 -0.879883 25.0 X Y 594 R
125.94 0.852 30.4 -0.13967 1.16204 -1.02236 -0.0627643 -0.629372 -1.75208 24.0 X Y 595 SS
122.723 1.305 25.0 1.99137 -1.96648 -0.0248931 -2.73205 0.22068 0.228287 24.0 X Y 596 R
126.25 0.68 40.0 5.05121 0.121618 -5.17283 -1.53224 0.784722 -1.586 23.0 X Y 597 R
126.361 1.204 31.3 0.973633 0.0234421 -0.997076 -0.295342 0.151257 -0.305705 24.0 X Y 598 R
124.57 -0.47 50.0 7.48079 -3.89801 -3.58278 0.137319 2.21046 -4.0242 23.0 X Y 599 R
126.407 1.561 35.0 -0.2131 0.207886 0.00521494 -3.00996 0.476731 -0.0329258 24.0 X Y 600 N
126.04 0.92 30.0 5.53818 -0.766249 -4.77193 -0.726378 -0.386607 -1.98261 23.0 X Y 601 R
126.448 1.165 50.0 0.147806 1.62051 -1.76831 0.657064 -2.01223 -2.787 24.0 X Y 602 SS-R
126.421 1.147 37.6 3.44365 -0.439765 -3.00388 -0.245347 -0.298318 -1.15575 23.0 X Y 603 R
127.029 2.444 15.0 1.11583 -0.161852 -0.953975 0.537868 3.3923 -0.543059 24.0 X Y 604 R
119.546 -1.444 16.1 4.54659 -0.827699 -3.71889 -2.19264 -5.425 -1.76702 23.0 X Y 605 R
119.43 -1.35 33.0 3.86978 -0.704486 -3.16529 -1.86624 -4.61742 -1.50398 24.0 X Y 606 R
126.14 1.35 30.0 2.79895 -1.71731 -1.08164 -0.935043 -2.44452 -1.73849 23.0 X Y 607 R
126.366 3.827 26.0 0.953676 2.27743 -3.23111 -1.55389 0.522639 0.0944365 25.0 X Y 608 SS-R
125.54 0.41 22.7 4.82767 -0.27945 -4.54822 0.446733 -6.22956 1.43294 23.0 X Y 609 R
125.91 0.79 23.8 0.0963657 -2.17525 2.07889 -0.602386 0.483979 -4.47106 22.0 X Y 610 SS
126.18 1.49 28.9 0.108124 -2.44068 2.33255 -0.675888 0.543033 -5.01661 23.0 X Y 611 SS
126.7 2.07 36.1 1.56947 -0.392367 -1.1771 0.110287 0.191023 -0.6796 24.0 X Y 612 R
126.463 1.589 30.9 5.7618 -1.04074 -4.72106 -0.756641 -5.24154 -2.60087 23.0 X Y 613 R
126.7 3.12 35.6 1.69511 -1.61434 -0.0807747 1.46953 -0.682328 -1.60474 23.0 X Y 614 R-SS
125.35 -0.27 42.0 1.78875 -0.979193 -0.809556 0.316773 1.16725 -1.06871 24.0 X Y 615 R
122.727 1.264 39.5 4.07611 -4.06794 -0.00817244 -4.52762 0.00278442 0.269602 24.0 X Y 616 R
124.5 -0.3 45.7 4.68626 -2.41577 -2.27048 0.665176 2.70538 -2.71757 23.0 X Y 617 R
125.125 -0.223 38.0 0.81133 -0.52492 -0.28641 0.303127 0.621264 -0.46529 25.0 X Y 618 R
126.485 1.632 37.3 1.42976 1.70977 -3.13953 -1.8754 0.299139 -1.94226 23.0 X Y 619 SS-R
126.65 1.94 29.1 5.98972 1.29735 -7.28707 3.09289 -2.8603 0.133443 23.0 X Y 620 R-SS
126.304 1.005 41.6 9.34731 -3.96853 -5.37877 -0.939672 -0.926407 -4.62142 23.0 X Y 621 R
126.173 0.848 15.0 1.40923 1.67521 -3.08443 1.80334 -0.925678 -2.71274 24.0 X Y 622 SS-R
122.742 -0.52 21.8 -0.279904 0.0892989 0.190605 0.420317 0.225669 -0.856957 24.0 X Y 623 SS-N
122.66 -0.62 40.0 -1.74586 0.556988 1.18887 2.62166 1.40758 -5.34514 24.0 X Y 624 SS-N
119.63 -0.338 35.0 3.73513 -0.303565 -3.43156 -1.3494 1.20182 -2.17215 23.0 X Y 625 R-SS
126.731 3.876 28.7 3.74127 -0.519596 -3.22167 0.0678061 0.851704 -1.31832 23.0 X Y 626 R
120.64 0.2 33.0 3.81573 1.34978 -5.16551 -2.30087 -4.38189 2.02278 25.0 X Y 627 R-SS
123.05 -0.28 32.0 2.94411 -2.8855 -0.0586104 2.64547 -1.23255 -2.84649 25.0 X Y 628 R-SS
126.651 4.18 22.3 5.23866 -1.10839 -4.13027 -1.81611 3.16137 -4.33543 23.0 X Y 629 R-SS
126.69 4.23 24.5 5.30411 1.02519 -6.32931 -3.59845 1.09052 -3.7862 23.0 X Y 630 R-SS
126.8 1.26 29.0 -1.15412 1.41541 -0.26129 0.476063 -1.01716 1.43136 24.0 X Y 631 N-SS
121.888 1.336 30.0 3.68541 -3.89276 0.207351 -3.12137 -0.88099 0.891861 23.0 X Y 632 R
122.0 -1.48 10.0 0.815617 -0.861505 0.0458887 -0.690789 -0.194971 0.197377 24.0 X Y 633 R
123.494 1.34 19.3 0.924633 -0.886012 -0.0386208 -1.27398 0.174209 0.194373 24.0 X Y 634 R
124.55 0.15 10.0 2.04312 -1.21119 -0.831932 -0.671338 1.42565 -2.08569 24.0 X Y 635 R-SS
126.669 3.647 25.0 5.74996 2.33304 -8.083 3.76335 4.10101 1.4875 24.0 X Y 636 R-SS
126.75 3.954 25.0 1.1393 0.0342896 -1.17359 -0.201061 -0.0119191 0.0395227 25.0 X Y 637 R
126.702 4.031 33.9 4.49757 1.5481 -6.04566 2.79462 0.22372 1.20715 23.0 X Y 638 R-SS
126.647 3.993 37.8 6.74301 0.723817 -7.46683 2.48946 3.641 2.7014 23.0 X Y 639 R-SS
126.686 4.046 27.6 0.975038 -0.00628157 -0.968756 0.164027 0.266186 0.232605 24.0 X Y 640 R
126.602 4.038 43.8 0.94683 0.116112 -1.06294 0.357421 0.44844 0.0143929 24.0 X Y 641 R
126.854 4.061 25.0 3.21926 0.00523361 -3.22449 0.129864 0.563453 0.0186346 24.0 X Y 642 R
126.937 3.714 25.0 2.93291 0.166905 -3.09981 0.850637 1.82674 -0.0517242 24.0 X Y 643 R
126.559 3.952 25.0 1.81602 0.680658 -2.49668 1.51288 2.78123 0.337981 24.0 X Y 644 R
126.79 3.956 25.0 1.03664 0.0305787 -1.06722 -0.209873 0.214049 0.0717216 25.0 X Y 645 R
126.632 3.955 26.0 0.554776 0.321581 -0.876357 0.549184 1.0049 0.220935 25.0 X Y 646 R
126.615 4.025 27.0 2.17079 0.401321 -2.57211 0.933698 1.4031 0.572247 25.0 X Y 647 R-SS
126.77 4.1 30.9 3.04225 0.757786 -3.80003 1.55162 -0.826756 -0.789291 23.0 X Y 648 R-SS
126.86 4.7 25.7 3.87667 -1.5237e-16 -3.87667 -0.644202 0.135376 0.622099 23.0 X Y 649 R
126.765 4.123 26.7 4.23921 -0.129066 -4.11014 0.192118 -0.35341 -0.771215 23.0 X Y 650 R
126.837 4.087 25.7 4.29991 -1.69005e-16 -4.29991 -0.714533 0.150156 0.690016 23.0 X Y 651 R
126.656 3.722 21.6 3.16009 2.04552 -5.20561 3.51573 3.85593 -0.0103412 23.0 X Y 652 R-SS
126.906 3.6 37.1 0.781042 0.0408221 -0.821864 0.518095 0.703203 -0.197348 24.0 X Y 653 R
126.461 3.813 24.1 0.148679 -0.148679 -1.11593e-16 0.367994 1.56261 -0.303741 24.0 X Y 654 R
126.732 3.776 40.0 0.408234 1.87529 -2.28352 1.43161 0.340049 -1.64878 24.0 X Y 655 SS-R
126.811 4.129 28.0 3.72244 -0.329294 -3.39314 -0.3627 1.50826 -1.3553 23.0 X Y 656 R
126.77 4.1 26.3 3.08498 0.561126 -3.64611 1.58059 1.28755 -0.360317 23.0 X Y 657 R-SS
126.648 3.844 22.6 3.6584 3.15007 -6.80847 -3.43824 1.13473 -1.8292 23.0 X Y 658 R-SS
126.703 3.726 30.6 6.07246 0.780488 -6.85295 2.96959 0.470337 -1.9212 23.0 X Y 659 R-SS
126.758 3.918 25.4 1.3014 3.98044 -5.28184 -3.55351 -0.0855144 -5.26719 23.0 X Y 660 SS-R
126.612 3.679 32.0 0.977169 0.192703 -1.16987 -0.439434 0.0710436 0.0440217 25.0 X Y 661 R-SS
126.658 3.704 22.7 0.939871 0.269095 -1.20897 0.594097 0.101984 -0.29589 24.0 X Y 662 R-SS
126.62 3.71 27.0 3.42882 0.493793 -3.92261 -1.37955 0.0274561 -0.501239 23.0 X Y 663 R
126.68 3.78 28.0 2.33085 -0.00167802 -2.32918 0.0359028 1.58133 0.111478 23.0 X Y 664 R
126.78 4.08 21.6 2.69523 0.0265321 -2.72176 -0.540239 -0.218271 0.516998 23.0 X Y 665 R
126.63 3.92 35.0 1.48 0.136177 -1.61618 -1.26042 3.44161 0.0716084 23.0 X Y 666 R
126.653 3.921 24.1 0.3137 -0.107301 -0.206399 -0.383062 1.18281 0.193754 24.0 X Y 667 R
126.712 3.695 26.6 1.19444 0.0298855 -1.22433 -0.304047 0.15492 -0.282587 24.0 X Y 668 R
119.843 -1.105 20.0 -2.70867 1.74392 0.964744 0.312864 -0.372577 -1.30178 24.0 X Y 669 N
126.45 1.73 36.1 0.529667 0.178696 -0.708363 -0.753382 0.825002 -2.50758 23.0 X Y 670 SS-R
126.742 3.655 25.0 2.26471 0.514117 -2.77882 1.46821 -2.53315 -0.0748828 24.0 X Y 671 R
126.694 3.724 25.0 2.11843 1.55813 -3.67656 2.05194 1.47279 0.00586233 25.0 X Y 672 R-SS
126.654 3.664 23.0 1.31509 0.590486 -1.90557 1.22206 0.302646 -0.756428 24.0 X Y 673 R-SS
126.777 3.906 25.6 0.797313 0.582326 -1.37964 -0.714484 0.0222677 -0.302733 24.0 X Y 674 R-SS
122.14 2.14 29.6 4.054 -5.55668 1.50268 4.27811 -4.34738 1.05306 23.0 X Y 675 R
126.769 4.181 26.1 6.50896 0.128841 -6.6378 -1.76181 1.96131 1.05528 23.0 X Y 676 R
126.753 4.124 35.0 1.60752 0.0035193 -1.61104 0.213219 0.304002 -0.16294 25.0 X Y 677 R
126.94 4.48 26.1 6.63263e-17 0.0660039 -0.0660039 -0.270798 2.20547 -0.264727 24.0 X Y 678 N
126.95 4.36 11.0 2.6405e-16 0.262766 -0.262766 -1.07807 8.78014 -1.0539 24.0 X Y 679 N
126.802 4.085 29.1 4.66403 0.221127 -4.88516 1.22265 -0.749839 -0.901889 23.0 X Y 680 R
126.75 3.87 34.0 1.03219 0.0489375 -1.08113 0.270584 -0.165946 -0.199597 24.0 X Y 681 R
127.009 4.488 45.0 0.369819 -0.0726681 -0.297151 0.6349 5.25041 -0.31416 24.0 X Y 682 R
125.11 -0.26 15.0 0.947646 -0.637167 -0.310479 0.177616 0.499754 -0.526705 24.0 X Y 683 R
126.158 0.958 37.5 0.432865 -0.533403 0.100538 0.050123 0.602201 0.700228 24.0 X Y 684 SS-R
122.295 1.351 29.2 2.20773 -2.20773 5.13799e-17 -3.5331 -0.0401012 0.139849 24.0 X Y 685 R
126.1 1.12 23.0 7.3169 -0.247324 -7.06957 -0.30759 -5.046 -1.44484 24.0 X Y 686 R
126.765 3.957 20.0 0.327682 0.238222 -0.565904 0.359166 0.771889 0.237263 24.0 X Y 687 R
126.99 2.94 45.3 1.65369 -1.44063 -0.21306 -0.942654 -1.07745 -0.731174 24.0 X Y 688 R
120.866 1.165 25.0 3.68559 -3.56685 -0.118737 -3.78905 -0.462429 -0.673073 24.0 X Y 689 R
125.96 2.67 30.0 3.07012 -0.126316 -2.9438 0.387406 0.604541 -0.656255 24.0 X Y 690 R
126.31 1.36 30.0 6.98336 -0.151881 -6.83148 -1.41342 2.74382 -2.41653 23.0 X Y 691 R
120.975 1.18 38.1 5.11314 -5.06839 -0.0447507 -4.56301 -0.900683 -0.559759 23.0 X Y 692 R
120.75 1.28 10.0 2.33716 -2.3167 -0.020455 -2.0857 -0.411692 -0.255859 24.0 X Y 693 R
126.521 4.129 28.2 4.11033 -0.0299597 -4.08037 -0.556633 1.70974 -0.941994 23.0 X Y 694 R
126.13 0.47 10.0 1.82779 -0.293392 -1.53439 -0.997603 -0.168301 -1.04772 24.0 X Y 695 R-SS
126.18 0.46 19.0 7.24252 -2.44115 -4.80137 -2.69022 -0.77889 -3.81031 23.0 X Y 696 R
126.383 1.244 32.9 3.49338 -0.340094 -3.15329 -0.811704 -0.851557 -1.13513 23.0 X Y 697 R
126.84 3.96 10.0 1.53214 0.023904 -1.55604 -0.191808 -0.299769 0.0243009 24.0 X Y 698 R
120.0 -0.5 19.9 -0.0266753 1.03544 -1.00877 0.225095 -0.81281 -1.49148 23.0 X Y 699 SS-N
122.21 1.66 15.0 5.47674 -5.49229 0.0155561 -5.73408 -0.299821 0.214628 23.0 X Y 700 R
126.7 3.07 48.6 0.929629 -0.0327081 -0.896921 0.0965506 0.620529 -0.172263 24.0 X Y 701 R
126.69 2.17 10.0 1.41642 -0.0646703 -1.35175 0.123412 -0.64148 -0.407837 24.0 X Y 702 R
126.259 1.009 39.8 0.740374 0.507319 -1.24769 0.642003 -0.626795 -0.839859 24.0 X Y 703 SS-R
125.17 -0.29 37.4 3.03445 -3.33228 0.297822 2.1145 -0.959226 -0.507317 23.0 X Y 704 R
125.17 -0.4 44.3 4.66202 -4.64925 -0.0127695 3.14026 0.164574 -0.243657 23.0 X Y 705 R
125.17 -0.25 10.0 1.20804 -1.3266 0.118565 0.841797 -0.381875 -0.201967 24.0 X Y 706 R
125.14 -0.17 15.0 1.31394 -1.31034 -0.00359894 0.885046 0.0463833 -0.0686718 24.0 X Y 707 R
125.011 -0.128 30.0 0.639732 -0.586788 -0.0529446 1.75777 0.0596264 -0.399088 25.0 X Y 708 R
126.61 3.82 23.6 0.164937 0.505816 -0.670753 0.498377 0.76112 0.25448 24.0 X Y 709 R-SS
126.71 3.9 33.9 0.128074 1.17654 -1.30462 0.572661 0.673965 0.422348 24.0 X Y 710 SS-R
122.41 -0.8 10.0 -5.44928 5.19257 0.256713 2.33001 1.10092 -2.19273 24.0 X Y 711 N
120.09 -1.25 11.0 -1.07674 3.90274 -2.826 -1.39639 -1.84222 -3.75374 23.0 X Y 712 SS-N
126.72 4.19 31.2 1.84466 0.0956936 -1.94035 1.37896 1.43992 -0.6164 23.0 X Y 713 R
124.69 -0.31 30.0 6.72705 -3.79921 -2.92784 3.32224 2.60088 -3.34127 23.0 X Y 714 R
120.062 1.033 20.0 3.26663 -2.39229 -0.874337 -5.03596 -1.45157 -1.69037 23.0 X Y 715 R
126.66 3.77 35.9 2.33134 -0.340693 -1.99065 0.11527 3.06703 -1.29307 23.0 X Y 716 R
119.397 -1.478 15.0 0.0 0.512913 -0.512913 -0.549184 -0.116733 -1.15202 24.0 X Y 717 SS-R
123.68 -1.19 28.5 1.78647 3.74761 -5.53408 -2.67918 0.676584 0.236513 23.0 X Y 718 SS-R
123.749 -1.202 28.5 1.84925 3.87931 -5.72856 -2.77333 0.700361 0.244824 23.0 X Y 719 SS-R
123.66 -1.27 10.0 0.711207 1.49195 -2.20316 -1.0666 0.269353 0.0941575 24.0 X Y 720 SS-R
126.38 1.26 10.0 2.47492 -0.393853 -2.08106 0.326796 0.0757868 -0.944167 25.0 X Y 721 R
124.84 -0.88 36.2 5.17507 -0.312592 -4.86248 -0.143516 2.16193 1.29106 23.0 X Y 722 R
124.68 -0.98 10.0 2.91016 -0.175783 -2.73437 -0.0807049 1.21574 0.726016 24.0 X Y 723 R
125.29 -0.2 10.0 5.08893 -2.62121 -2.46773 1.68268 3.19195 -2.71329 24.0 X Y 724 R
126.35 2.49 10.0 1.53856 -1.15448 -0.384073 -0.311058 -1.33456 -1.10015 24.0 X Y 725 R-SS
126.18 0.55 10.0 5.34493 -1.04577 -4.29916 1.25304 -0.165133 -2.43989 23.0 X Y 726 R
125.5 1.54 30.0 3.78392 -0.406383 -3.37753 0.894446 -0.0235393 -1.45013 23.0 X Y 727 R
126.44 1.51 31.2 7.54991 -0.810841 -6.73907 1.78466 -0.0469671 -2.89339 23.0 X Y 728 R
126.42 1.482 31.2 8.37417 -0.899365 -7.4748 1.97949 -0.0520947 -3.20928 23.0 X Y 729 R
119.78 -0.85 23.0 -0.0207505 0.621729 -0.600978 0.05861 -0.305285 -0.887815 24.0 X Y 730 SS
124.93 -0.089 50.0 3.10559 -1.59674 -1.50886 0.713164 1.85075 -1.71931 24.0 X Y 731 R
123.27 1.06 34.7 -2.16399 2.19214 -0.02815 -1.72633 0.450509 -0.124637 23.0 X Y 732 N
126.715 3.674 15.0 2.22267 1.71449 -3.93716 4.97002 7.68407 0.250362 23.0 X Y 733 R
126.862 2.032 25.0 2.9581 1.80943 -4.76753 -3.25445 -1.35931 -1.59479 24.0 X Y 734 R-SS
126.999 3.056 25.0 4.08588 -0.832763 -3.25312 0.777016 6.02773 -2.30466 24.0 X Y 735 R
124.59 0.01 10.0 5.16881 -2.82838 -2.34043 0.20412 1.84378 -2.84335 23.0 X Y 736 R
123.02 -0.14 35.0 1.4168 -0.447748 -0.969054 0.198256 -0.815005 -0.940905 25.0 X Y 737 R-SS
125.41 1.0 10.0 0.276049 -0.599668 0.323619 0.19099 0.452 0.864799 24.0 X Y 738 SS-R
126.407 1.55 18.2 -5.09854 -0.293526 5.39207 -1.4184 7.40135 3.3361 23.0 X Y 739 N
126.51 2.37 10.0 0.117475 1.75706 -1.87453 0.566855 0.137156 2.0726 26.0 X Y 740 SS
121.779 0.972 27.0 -2.24814 0.25709 1.99105 -1.04995 -2.19385 -2.78197 23.0 X Y 741 N-SS
121.77 -0.97 10.0 -4.18624 0.478725 3.70751 -1.9551 -4.08514 -5.18028 23.0 X Y 742 N-SS
126.6 3.04 46.1 5.32536 -0.597953 -4.72741 1.36085 0.497917 -1.99756 23.0 X Y 743 R
125.35 -0.14 45.0 1.0671 -0.57077 -0.496333 0.253577 0.236464 -0.532252 24.0 X Y 744 R
126.35 1.42 10.0 7.84088 0.026672 -7.86756 -0.597701 0.91621 -0.457966 23.0 X Y 745 R
121.57 1.4 20.5 -3.89911 -0.053572 3.95268 0.468089 0.461269 0.04713 23.0 X Y 746 N
126.96 2.2 47.6 -0.398556 -1.09469 1.49325 -0.696736 1.42671 3.39625 23.0 X Y 747 SS-N
121.929 -0.642 17.0 -0.926859 -0.445736 1.3726 -1.13869 0.000732829 -1.14294 24.0 X Y 748 N-SS
120.39 0.14 41.0 3.88558 1.72778 -5.61336 -2.62281 -5.35962 4.36255 24.0 X Y 749 R-SS
119.48 -1.17 10.0 2.01241 -0.367851 -1.64456 -1.52588 -1.87062 -0.852989 24.0 X Y 750 R
119.93 -0.35 12.7 -0.538538 1.54625 -1.00771 0.0384196 0.95651 -1.10294 23.0 X Y 751 SS-N
126.81 2.83 47.4 -2.51426 1.93473 0.579532 1.1871 0.423594 1.07442 23.0 X Y 752 N
126.52 1.64 30.0 3.92248 -0.731856 -3.19062 -0.521813 -0.101965 -1.58602 23.0 X Y 753 R
126.426 1.182 29.1 7.01533 -0.449432 -6.56589 -2.12482 -1.76582 -2.23326 23.0 X Y 754 R
121.0 1.84 10.0 0.13475 -0.965909 0.831158 -1.48693 0.377391 -2.18379 23.0 X Y 755 SS-R
125.377 0.356 45.0 3.74026 -1.81516 -1.9251 0.825565 2.6494 -2.17087 24.0 X Y 756 R
126.49 1.63 10.0 7.86971 -0.548947 -7.32076 0.217161 -0.949574 -2.0575 23.0 X Y 757 R
126.18 2.22 10.0 -0.534403 1.15571 -0.621303 -0.117005 -1.11323 -1.6599 24.0 X Y 758 SS-N
123.01 -0.23 10.0 6.09955 -1.03732 -5.06223 1.20947 0.737883 -2.41869 24.0 X Y 759 R
126.34 1.36 35.0 0.178734 0.881735 -1.06047 -0.541076 0.211536 -1.63602 23.0 X Y 760 SS
125.56 -0.23 10.0 1.6186 -1.6186 3.728e-16 0.9345 1.75754 3.04415 23.0 X Y 761 SS-R
126.48 2.71 34.7 4.81769 -1.46022 -3.35747 -0.847462 -2.68393 -2.32241 23.0 X Y 762 R
126.68 1.72 10.0 1.20652 1.81794 -3.02445 -1.86462 0.315843 -2.30617 23.0 X Y 763 SS-R
120.08 -1.21 10.0 -0.0529628 1.66871 -1.61574 -0.208577 -0.3076 -1.86345 25.0 X Y 764 SS
126.749 3.565 18.6 6.83452 -0.312773 -6.52175 1.68963 4.75986 -1.50386 23.0 X Y 765 R
126.79 2.6 34.2 5.49969 -1.0082 -4.49149 -0.443902 -1.08412 -2.12888 23.0 X Y 766 R
126.23 3.98 45.8 -0.845058 2.56193 -1.71688 -0.799532 1.45892 -0.250862 23.0 X Y 767 SS-N
126.6 4.6 19.2 -2.31913 1.0155 1.30363 1.30928 -0.0724035 -1.47286 23.0 X Y 768 N
125.96 1.35 13.0 1.63512 2.23465 -3.86977 1.94802 -3.03036 -2.70623 23.0 X Y 769 SS-R
123.72 -0.16 10.0 2.96472 -2.91185 -0.0528726 2.10431 1.46032 -0.807879 23.0 X Y 770 R
125.33 -0.17 16.0 1.74762 -1.01086 -0.736761 0.605033 1.18819 -0.961564 24.0 X Y 771 R
122.12 1.28 45.0 5.44993 -5.3176 -0.132333 -5.74946 0.3478 0.959359 23.0 X Y 772 R
122.131 1.198 35.0 1.66471 -1.62331 -0.0414005 -1.60374 0.12091 0.282258 24.0 X Y 773 R
125.33 -0.17 10.0 6.46563 -4.19396 -2.27168 1.53611 3.88254 -3.65853 23.0 X Y 774 R
122.2 1.82 38.8 2.62125 -2.61678 -0.00447142 -1.76818 0.0438703 0.11123 24.0 X Y 775 R
122.21 1.45 10.0 2.81847 -2.81521 -0.00326795 -3.45204 -0.0850497 0.306883 24.0 X Y 776 R
125.96 0.83 31.4 2.80082 -0.00807337 -2.79275 -0.150643 -0.218949 0.22497 23.0 X Y 777 R
126.204 0.547 25.0 0.870756 0.114145 -0.984902 0.397185 -0.648159 -0.609259 25.0 X Y 778 R-SS
123.863 -0.675 35.0 -0.420252 1.7431 -1.32285 0.093849 0.775512 0.263787 25.0 X Y 779 SS-N
126.229 0.533 26.0 1.47098 -0.643458 -0.827519 0.479002 0.313765 -0.743435 24.0 X Y 780 R
126.6 4.156 25.8 2.54496 0.571195 -3.11616 -1.28499 1.88592 -1.5441 23.0 X Y 781 R-SS
126.633 4.139 27.0 4.35857 -0.679024 -3.67955 1.77172 -0.867576 -2.67432 23.0 X Y 782 R-SS
126.63 1.58 10.0 3.37408 0.0981174 -3.4722 -1.51252 -0.170716 -1.34423 23.0 X Y 783 R
125.77 -0.21 39.7 1.26779 -1.86214 0.594355 -0.0203855 2.38406 -2.7296 23.0 X Y 784 SS-R
126.337 1.506 30.4 0.779316 0.364493 -1.14381 0.640767 -0.0487337 -0.471578 24.0 X Y 785 R-SS
126.813 3.6 25.4 4.81163 -0.384707 -4.42692 0.459198 -0.759902 1.32337 23.0 X Y 786 R
119.839 0.109 33.6 0.771444 0.362202 -1.13365 -0.625989 -0.616844 0.0135795 24.0 X Y 787 R-SS
124.993 -0.158 34.8 1.87801 -1.34769 -0.530317 0.445124 1.46044 -1.20983 24.0 X Y 788 R-SS
119.8 -0.64 28.2 -0.89032 1.64341 -0.753092 -1.92957 -0.857717 -1.20584 23.0 X Y 789 N-SS
126.217 1.327 33.7 3.97086 -0.116347 -3.85451 0.599675 -0.57094 -0.988729 23.0 X Y 790 R
120.95 -1.15 20.2 0.207857 2.42249 -2.63034 0.823782 0.15441 -0.908648 23.0 X Y 791 SS
121.39 -1.03 18.3 1.55867 0.346879 -1.90554 -0.813378 0.138649 -0.458075 23.0 X Y 792 R-SS
121.617 -0.912 16.5 0.0965092 0.911933 -1.00844 0.301964 -0.0530252 0.0187704 24.0 X Y 793 SS
122.72 -0.59 12.5 -0.26693 0.756439 -0.489509 1.13525 0.361935 -1.45593 23.0 X Y 794 SS-N
122.285 1.446 21.0 2.19369 -2.10891 -0.0847864 -2.25816 0.254756 0.449837 24.0 X Y 795 R
122.363 1.407 21.2 0.871154 -0.845169 -0.0259844 -1.1257 0.106968 0.161719 24.0 X Y 796 R
126.42 2.01 35.3 4.71859 -0.0387071 -4.67988 -1.74893 -2.27123 -1.14961 23.0 X Y 797 R
126.701 3.85 25.0 0.221795 -0.00156626 -0.220228 0.00858046 0.985552 -0.0553119 24.0 X Y 798 R
121.363 -0.907 15.3 -2.94757 3.66867 -0.721094 -2.60882 2.04752 -0.235123 23.0 X Y 799 N
127.046 3.545 16.7 5.10429 0.0623402 -5.16663 0.876737 3.01546 -0.26511 23.0 X Y 800 R
126.28 1.362 30.0 4.1968 -0.975043 -3.22176 -0.49671 1.33084 -2.0984 23.0 X Y 801 R
126.219 1.333 28.6 4.83926 -1.19726 -3.64199 -1.1207 1.02888 -2.60984 24.0 X Y 802 R
126.427 1.376 28.8 3.97137 -0.200963 -3.77041 0.0624701 0.270588 -0.870468 23.0 X Y 803 R
122.97 1.93 16.7 -1.00785 0.876615 0.131234 0.450558 -0.199329 -0.339812 24.0 X Y 804 N
120.248 -1.097 24.8 -1.2898 1.18193 0.10787 0.903369 -0.109923 -0.384253 24.0 X Y 805 N
126.11 0.65 33.7 1.49744 -0.0562016 -1.44123 -0.345313 -0.289295 -0.384239 24.0 X Y 806 R
126.14 0.35 24.4 2.19864 -2.24448 0.0458358 -4.07098 0.810805 -3.07499 23.0 X Y 807 R-SS
126.43 0.21 27.8 2.98359 -1.13163 -1.85195 -0.0749606 2.20591 -2.04236 23.0 X Y 808 R-SS
126.26 1.7 25.8 2.46222 -0.616516 -1.8457 -1.03804 -0.775777 -1.15729 23.0 X Y 809 R
126.42 1.58 25.9 0.632729 0.512554 -1.14528 -1.07691 0.0696939 -1.35245 23.0 X Y 810 SS-R
125.18 -0.3 32.0 4.80522 -3.98031 -0.824907 0.854997 5.04707 -4.13341 23.0 X Y 811 R-SS
120.02 -0.17 39.7 2.04936 0.194066 -2.24342 0.633843 1.60344 0.57903 23.0 X Y 812 R-SS
125.08 -0.31 33.8 4.82021 -3.15615 -1.66406 -0.632859 1.94774 -3.07347 23.0 X Y 813 R
125.16 -0.42 31.3 0.869262 -0.559423 -0.309839 0.19313 0.600952 -0.527444 24.0 X Y 814 R-SS
125.097 -0.21 30.0 5.84526 -3.94058 -1.90467 1.21322 5.31574 -4.21195 24.0 X Y 815 R-SS
125.053 -0.202 29.2 2.33056 -1.45968 -0.870878 0.682012 1.8798 -1.44008 25.0 X Y 816 R
120.04 0.23 46.1 -0.0778393 -0.54658 0.624419 -0.702135 -0.260761 0.592099 24.0 X Y 817 SS-N
126.426 1.497 31.0 2.14945 0.609689 -2.75914 1.55334 -1.00954 -2.01729 23.0 X Y 818 R-SS
126.44 1.446 36.5 5.36653 -0.855566 -4.51096 -0.53729 -0.601629 -1.98021 23.0 X Y 819 R
126.533 1.799 33.9 1.72836 -0.821105 -0.907255 -0.78162 -0.217318 -0.949452 24.0 X Y 820 R
126.423 1.749 34.2 1.61344 0.348551 -1.962 0.880737 -0.482105 0.264525 24.0 X Y 821 R-SS
126.29 1.71 33.0 1.35829 -3.22825 1.86996 1.45025 2.32194 -0.687516 23.0 X Y 822 R-SS
126.62 2.1 30.8 5.57898 -0.218559 -5.36043 0.480005 0.326494 -1.15424 23.0 X Y 823 R
126.391 1.868 30.8 4.71873 -3.66011 -1.05862 2.98146 0.365837 -2.22366 24.0 X Y 824 R
127.024 2.3 30.1 7.11594 -0.304952 -6.81099 -2.90583 0.622034 2.94601 25.0 X Y 825 R
126.6 2.2 32.3 3.69645 -0.387094 -3.30936 0.182678 -1.32938 -1.29056 23.0 X Y 826 R
126.458 1.966 35.2 1.62736 -0.451499 -1.17586 -0.182629 -0.714287 -0.758277 26.0 X Y 827 R
126.55 2.02 32.3 1.63994 -1.42092 -0.219021 0.442671 2.95828 -2.12682 23.0 X Y 828 R-SS
126.991 2.431 27.4 5.38953 -9.82414e-17 -5.38953 -0.291417 -1.75116 0.401101 24.0 X Y 829 R
126.19 1.87 33.9 1.4213 -1.4859 0.0645944 0.61824 -0.696084 -0.999116 23.0 X Y 830 R-SS
126.47 2.14 35.1 1.03889 -0.262222 -0.776669 -0.181143 -0.381757 -0.45248 24.0 X Y 831 R
126.2 2.04 31.0 1.08682 -0.641681 -0.445138 -0.24916 -0.0775381 -0.543409 24.0 X Y 832 R
126.269 1.535 35.0 3.73466 -0.081001 -3.65366 1.39793 -1.8462 -2.35216 24.0 X Y 833 R-SS
126.42 2.48 31.6 1.19434 -0.293428 -0.900914 -0.280756 -0.982522 -0.552825 24.0 X Y 834 R
126.549 2.116 34.5 1.96492 -0.0368273 -1.92809 -0.345354 -0.813162 -0.327036 24.0 X Y 835 R
126.522 2.116 33.4 4.48848 -0.690491 -3.79799 -0.780769 -1.63746 -1.62092 25.0 X Y 836 R
120.95 -2.09 19.9 0.110653 1.24484 -1.3555 0.455642 -0.199286 0.219797 23.0 X Y 837 SS
120.026 0.158 35.0 -2.08355 -0.281232 2.36479 -3.94436 -3.09609 1.2136 23.0 X Y 838 N
126.349 1.14 30.0 -0.103428 -0.550089 0.653517 -0.464024 -0.629632 -0.203344 24.0 X Y 839 SS-N
126.385 1.659 32.4 4.27327 -1.44995 -2.82332 -1.73927 0.282844 -2.59155 23.0 X Y 840 R
125.1 -0.31 37.5 0.947646 -0.408815 -0.538831 0.0698302 0.525762 -0.547607 24.0 X Y 841 R
119.435 -2.494 17.6 -0.887708 2.08528 -1.19757 1.09272 -1.2978 0.0481881 24.0 X Y 842 N-SS
126.42 1.72 34.6 1.98403 -0.598796 -1.38523 -0.0951547 -0.18735 -0.911052 23.0 X Y 843 R
126.082 0.532 33.1 2.29327 -0.408688 -1.88459 -0.538776 -0.0962548 -0.982831 24.0 X Y 844 R
126.335 1.722 46.1 0.577441 -0.218346 -0.359095 -0.403768 0.30016 -0.71773 24.0 X Y 845 R-SS
122.378 -0.59 25.1 -0.427624 0.593031 -0.165407 -0.421311 1.23871 -0.637157 25.0 X Y 846 N
126.5 2.0 44.7 7.33686 -2.65315 -4.6837 2.13343 2.13656 -3.54633 23.0 X Y 847 R
126.61 2.2 35.8 1.03131 -0.110843 -0.920469 -0.270634 -0.32276 -0.346311 24.0 X Y 848 R
126.487 1.679 42.0 4.26279 -0.415318 -3.84747 0.00260863 0.640717 -1.27942 24.0 X Y 849 R
126.36 0.23 33.6 0.637402 -0.17313 -0.464272 -0.974621 0.694485 -2.487 23.0 X Y 850 SS-R
126.646 2.091 50.0 3.10561 -0.616123 -2.48949 -0.327639 -0.972116 -1.24573 24.0 X Y 851 R
124.28 -0.14 49.1 0.777521 -0.286037 -0.491484 -0.170714 0.56767 -0.666016 24.0 X Y 852 R-SS
126.41 1.9 33.3 2.81495 -1.48664 -1.32831 -0.0257074 -0.118356 -1.40691 23.0 X Y 853 R
124.46 -0.28 41.5 2.50412 -0.859521 -1.6446 0.174381 1.16844 -1.30022 23.0 X Y 854 R
126.37 0.55 28.7 2.60679 -0.100953 -2.50584 -0.0966476 -1.06136 -0.514839 23.0 X Y 855 R
126.37 1.91 31.3 0.0336411 1.52037 -1.55401 0.231391 -0.440714 -2.30905 23.0 X Y 856 SS
121.02 -1.12 18.1 0.331943 1.55113 -1.88307 0.717556 -0.275878 -0.599173 23.0 X Y 857 SS-R
122.25 -0.66 17.6 -0.485171 1.24939 -0.764216 2.72245 0.628527 -2.61763 23.0 X Y 858 SS-N
126.508 1.859 49.8 3.66232 -0.838009 -2.82431 0.0949635 -0.880146 -1.62017 25.0 X Y 859 R
122.89 1.52 27.8 1.87554 -1.8468 -0.0287353 -2.0972 0.127473 0.253406 23.0 X Y 860 R
126.59 1.79 45.9 4.50516 -0.088432 -4.41673 2.15713 -0.670908 -2.57168 23.0 X Y 861 R-SS
126.491 1.51 34.8 3.48582 -0.266005 -3.21982 1.64762 -0.35956 -2.0146 23.0 X Y 862 R-SS
126.301 1.436 46.0 3.90678 -0.049435 -3.85735 -1.19003 0.963669 -1.59233 24.0 X Y 863 R
126.867 3.861 13.6 4.09511 -0.20091 -3.8942 0.433223 2.32868 -0.88837 23.0 X Y 864 R
126.831 3.822 25.2 5.27153 0.285887 -5.55741 1.66806 3.8169 -0.211081 25.0 X Y 865 R
126.103 0.871 40.8 3.26451 0.330777 -3.59529 1.32766 -0.369548 -1.02252 23.0 X Y 866 R-SS
126.423 1.53 21.4 -4.01446 0.536102 3.47836 0.368877 3.26934 1.57049 23.0 X Y 867 N
126.291 1.131 19.9 5.60733 -1.50577 -4.10156 1.24911 0.526152 -2.60407 23.0 X Y 868 R
126.394 4.182 31.7 7.50711 0.00411328 -7.51123 0.188155 5.89268 0.233207 24.0 X Y 869 R
126.691 4.208 24.8 3.09133 -0.238663 -2.85266 0.718072 1.66595 -0.846177 23.0 X Y 870 R
126.57 4.23 30.4 1.17951 -0.55493 -0.624579 0.425879 -1.62922 -2.01566 23.0 X Y 871 R-SS
126.28 0.366 28.1 2.15653 -0.813965 -1.34257 -0.499681 -0.142436 -1.08815 24.0 X Y 872 R
126.54 0.57 33.1 1.65708 -0.0681941 -1.58889 0.656546 -0.362581 -0.883733 23.0 X Y 873 R-SS
126.318 1.312 41.5 4.06463 -0.425639 -3.639 -1.16088 -0.0226268 -1.65351 25.0 X Y 874 R
126.15 0.994 34.2 0.271159 4.84705 -5.11821 -4.54614 4.17092 0.387369 23.0 X Y 875 SS-R
121.77 1.19 44.4 2.68003 -2.63609 -0.0439408 -0.867859 0.081785 0.341567 23.0 X Y 876 R
126.57 1.6 38.0 2.74855 -0.625694 -2.12286 -0.021904 -0.569812 -1.17976 23.0 X Y 877 R
120.418 -0.952 18.1 -0.367688 0.433605 -0.0659169 0.722854 0.179281 -0.552138 24.0 X Y 878 N-SS
125.38 0.04 32.2 3.06376 0.698293 -3.76206 1.48926 -1.24207 -0.273194 23.0 X Y 879 R-SS
124.55 -0.35 42.1 2.35975 -0.846497 -1.51326 0.0787788 1.35278 -1.34892 23.0 X Y 880 R
126.392 1.703 47.5 1.56641 -1.15373 -0.412685 -1.31821 4.03383 1.54928 23.0 X Y 881 R
124.969 -0.081 46.8 2.97596 -1.91375 -1.06221 0.69534 2.12653 -1.81836 24.0 X Y 882 R-SS
126.369 1.214 26.8 0.803581 0.70971 -1.51329 1.04013 -1.12657 -0.0550575 24.0 X Y 883 R-SS
126.84 4.12 26.2 2.25823 0.45868 -2.71691 -1.11182 -0.170945 0.57628 23.0 X Y 884 R-SS
120.08 -1.14 21.0 -0.514355 1.79553 -1.28118 -0.112142 -0.874001 -0.79979 23.0 X Y 885 SS-N
125.24 -0.3 39.0 1.21429 -0.770049 -0.444238 0.260431 0.865185 -0.750405 24.0 X Y 886 R-SS
120.427 -1.297 16.8 -8.44273 8.05381 0.388918 3.81714 0.244025 -2.07818 25.0 X Y 887 N
120.69 -1.01 17.9 0.0753482 2.46977 -2.54512 0.813591 0.87124 0.480385 23.0 X Y 888 SS-R
120.48 -1.25 18.1 -1.20644 2.61163 -1.40519 0.537315 1.31704 -0.891413 23.0 X Y 889 SS-N
125.2 -0.33 35.1 1.28033 -0.820016 -0.46031 0.344597 0.786356 -0.716249 24.0 X Y 890 R
120.23 -1.29 14.8 -1.4689 1.54562 -0.076717 -0.915586 1.91852 -1.07146 23.0 X Y 891 N
119.94 -1.328 20.0 -0.0394516 3.26265 -3.2232 0.458618 -1.08433 -2.50862 23.0 X Y 892 SS
120.013 -1.314 19.1 0.0367873 3.59363 -3.63041 0.366254 -0.4199 -3.51366 23.0 X Y 893 SS
126.78 2.47 41.8 0.953521 -0.299941 -0.65358 -0.119343 -0.545902 -0.483226 24.0 X Y 894 R
126.573 3.983 44.7 5.40779 0.0588661 -5.46666 0.68916 4.99038 0.0958977 23.0 X Y 895 R
126.803 4.024 38.9 -1.06388 5.25951 -4.19563 -0.350766 2.11293 0.630493 24.0 X Y 896 SS-N
126.75 4.29 29.3 2.47485 -0.556282 -1.91857 -0.804155 0.452613 -1.42623 23.0 X Y 897 R
120.48 -1.34 26.8 -1.92156 1.88097 0.0405924 -0.460576 0.232641 -0.314269 23.0 X Y 898 N
123.21 -0.5 49.3 2.14047 5.70809 -7.84856 3.54307 0.0192012 -1.0771 23.0 X Y 899 SS-R
126.1 0.4 30.6 2.86734 -1.14426 -1.72308 -1.57107 0.912778 -2.50949 23.0 X Y 900 R-SS
126.19 1.75 30.2 1.80502 -0.345272 -1.45975 -0.214286 -0.808807 -0.725868 23.0 X Y 901 R
126.812 1.391 40.0 -0.0176358 1.07427 -1.05663 0.209384 0.155676 -0.784992 25.0 X Y 902 SS
126.72 2.34 42.1 3.7387 -0.978256 -2.76045 -0.624585 -1.21431 -1.64523 23.0 X Y 903 R
126.59 1.91 36.3 1.09683 -0.275884 -0.820947 0.106307 -0.135371 -0.502739 24.0 X Y 904 R
120.034 1.033 24.5 5.24992 -4.67812 -0.571807 -1.91398 -0.000959339 -1.75293 23.0 X Y 905 R
120.005 1.026 25.7 4.26752 -3.63224 -0.635287 -6.02281 -2.08408 -1.53705 23.0 X Y 906 R
126.82 4.59 37.6 1.48115 1.14188 -2.62303 -1.69979 2.02376 -4.41009 23.0 X Y 907 SS-R
125.99 0.69 34.2 7.89449e-17 1.52671 -1.52671 0.252425 -0.21181 0.2692 24.0 X Y 908 SS
126.66 3.69 19.3 5.71044 -0.0245681 -5.68587 -0.226413 5.51576 0.389132 23.0 X Y 909 R
119.67 -0.78 30.2 2.16641 -0.245381 -1.92103 -1.40351 -0.709529 -1.11717 23.0 X Y 910 R-SS
126.34 0.48 22.2 7.77975 -0.982623 -6.79713 -1.20175 -0.524521 -2.74424 23.0 X Y 911 R
120.22 -1.44 12.0 0.245199 3.11587 -3.36107 1.33508 1.55507 1.05616 23.0 X Y 912 SS-R
120.02 -0.4 12.0 -0.0607711 -0.270052 0.330823 1.78848 0.0934002 -7.73274 23.0 X Y 913 SS
119.852 -0.345 25.4 -0.278451 0.0479978 0.230453 -0.606779 -0.261348 -1.37691 25.0 X Y 914 SS-N
120.19 -1.51 22.3 -0.0922983 2.70428 -2.61199 0.281964 -0.642851 -0.615185 23.0 X Y 915 SS
120.15 -1.51 14.7 -3.60625 3.80399 -0.197742 1.09714 0.932026 0.138936 23.0 X Y 916 N
120.19 -1.43 12.0 -4.48142 5.1115 -0.63008 2.25589 1.69388 -0.600595 23.0 X Y 917 N-SS
120.24 -1.25 26.1 -5.27141 4.74497 0.526442 1.90635 -0.387592 -1.59642 23.0 X Y 918 N
126.92 3.37 38.2 4.74948 -0.119545 -4.62993 1.75007 2.22794 -1.26185 23.0 X Y 919 R
119.65 0.0 15.0 0.188728 0.385908 -0.574636 -0.538062 -0.827973 0.162789 24.0 X Y 920 R
119.867 -0.695 24.2 -0.065419 0.299085 -0.233666 -0.99825 -0.177424 -0.746619 24.0 X Y 921 SS-N
119.89 -0.52 12.0 0.666342 1.78874 -2.45509 -1.53505 1.19424 -5.58503 24.0 X Y 922 SS
126.01 0.2 29.6 1.86751 0.535799 -2.40331 -1.47026 -0.637075 -0.774881 23.0 X Y 923 R-SS
119.95 -1.44 15.0 0.0726234 0.211964 -0.284588 0.514113 1.45485 0.25573 24.0 X Y 924 R
120.04 -0.87 27.0 -1.91339 1.59466 0.318731 1.78422 0.209348 -1.25029 23.0 X Y 925 N-SS
121.52 1.43 22.6 -1.93481 -0.0485747 1.98339 0.338259 -0.10349 -0.126847 23.0 X Y 926 N
120.23 -1.65 22.1 -0.85549 5.61095 -4.75546 0.283592 -2.03063 0.0663446 23.0 X Y 927 SS-N
126.55 4.26 28.3 2.78713 -0.0383022 -2.74883 0.0486749 0.404298 0.338601 23.0 X Y 928 R
126.558 4.144 28.6 1.09494 0.0825837 -1.17752 -0.315627 0.61514 -0.064217 24.0 X Y 929 R
120.46 -1.24 14.4 -1.88883 1.5972 0.29163 0.607404 -0.0311722 -0.713631 23.0 X Y 930 N
120.41 -1.25 13.1 -3.44561 3.65023 -0.204626 0.900445 1.11979 -1.07937 23.0 X Y 931 N
119.54 -2.82 12.0 0.135652 0.260511 -0.396163 0.622311 0.0411593 1.21848 23.0 X Y 932 SS-R
119.48 -2.83 12.0 0.271159 5.24796 -5.51912 2.62244 4.25257 3.01603 23.0 X Y 933 SS-R
119.42 -2.86 12.0 -0.841634 0.702792 0.138842 0.502719 0.511311 0.366045 24.0 X Y 934 N
119.52 -2.81 12.0 0.241028 1.00889 -1.24992 1.50594 0.0403987 3.50147 23.0 X Y 935 SS-R
119.58 -2.79 12.7 -0.388426 0.167187 0.221238 -0.150344 1.82566 2.11512 23.0 X Y 936 SS-N
119.436 -2.878 15.9 -1.78281 1.43708 0.345733 0.925099 1.33865 0.914655 24.0 X Y 937 N
119.33 -2.99 15.0 -1.34073 -0.326044 1.66678 -0.714438 3.44087 1.07605 23.0 X Y 938 N
126.84 2.93 28.1 0.960998 -0.173943 -0.787055 0.092809 -0.482512 -0.480499 24.0 X Y 939 R
125.974 0.461 30.0 0.8534 0.0211926 -0.874593 0.143257 -1.77123 -0.411319 24.0 X Y 940 R
126.825 2.383 35.0 2.28708 -0.0455266 -2.24155 -0.394834 -1.29095 -0.358241 24.0 X Y 941 R
126.442 1.113 38.6 1.20578 -0.213255 -0.992523 -0.369805 -0.867769 -0.460662 24.0 X Y 942 R
126.263 1.634 30.0 5.00431 -0.998009 -4.0063 -1.9982 1.0665 -3.18321 23.0 X Y 943 R-SS
126.63 2.48 34.9 9.10149 -1.49628 -7.60521 -2.64079 -3.00844 -3.53807 25.0 X Y 944 R
126.74 2.46 42.9 1.70496 -0.581049 -1.12391 0.852917 -1.11762 -1.92689 23.0 X Y 945 R-SS
126.9 2.54 35.6 7.72084 -1.8658 -5.85505 -0.675823 1.24198 -3.52269 23.0 X Y 946 R
126.85 4.49 20.1 -2.78434 -1.0955 3.87985 3.53325 -1.08543 -2.44085 23.0 X Y 947 N-SS
126.39 1.53 40.5 4.31463 -0.463324 -3.85131 -0.802468 0.155984 -1.56611 24.0 X Y 948 R
126.2 0.34 27.0 5.21076 -1.1989 -4.01186 -1.3565 0.578267 -2.66572 23.0 X Y 949 R
126.16 0.81 31.7 1.74146 0.688918 -2.43038 -1.71279 -0.0201197 -1.53588 24.0 X Y 950 R-SS
120.29 -1.48 19.7 -2.25793 2.68772 -0.429791 0.707086 1.07883 0.161374 23.0 X Y 951 N-SS
126.67 2.26 34.6 3.83605 -0.0501664 -3.78589 -0.598212 0.531003 -0.826882 23.0 X Y 952 R
119.67 0.12 22.5 0.672773 1.52732 -2.2001 1.01369 -0.978907 -1.46444 23.0 X Y 953 SS-R
126.54 1.25 25.5 -0.648828 3.63595 -2.98712 -2.23551 -1.42435 -3.6489 23.0 X Y 954 SS-N
120.53 -1.77 12.3 1.9753 -0.286798 -1.6885 0.358929 0.732538 0.963779 24.0 X Y 955 R
126.36 1.77 41.9 1.74167 -0.111047 -1.63062 0.0346521 -0.336731 -0.441986 25.0 X Y 956 R
125.92 -0.78 19.8 0.565478 -0.564379 -0.00109906 0.96416 -0.0205087 -0.0987616 24.0 X Y 957 R
126.72 4.14 29.7 6.58127 0.00106266 -6.58233 -0.0896955 4.44496 -0.0997147 23.0 X Y 958 R
122.16 1.16 46.4 5.49718 -5.49503 -0.00214708 -1.17484 -0.0911567 0.164475 23.0 X Y 959 R
119.44 -2.84 15.1 -0.403411 -0.499607 0.903019 1.04832 -0.0331712 1.50569 23.0 X Y 960 SS-N
126.1 0.55 30.5 1.58123 0.903601 -2.48483 -1.48565 -0.12932 -0.986813 26.0 X Y 961 R-SS
126.36 0.81 28.4 3.86959 -0.283431 -3.58616 -0.689227 0.164798 1.17875 23.0 X Y 962 R
126.21 0.82 30.8 3.77007 0.143973 -3.91404 -0.736742 -0.713876 0.140006 23.0 X Y 963 R
126.24 0.68 26.5 3.88459 -0.0169224 -3.86767 0.244503 -0.81766 0.309828 23.0 X Y 964 R
126.23 0.52 26.9 0.319282 2.25662 -2.57591 -1.02206 0.529024 -3.56558 24.0 X Y 965 SS
126.38 0.35 19.6 7.56444 -0.345711 -7.21872 2.51462 3.77994 -2.02397 24.0 X Y 966 R
126.49 0.38 27.7 2.63443 0.710018 -3.34445 -1.36968 1.95434 -0.915742 23.0 X Y 967 R-SS
126.37 0.15 21.1 0.759922 -0.456235 -0.303687 0.74675 0.128994 -0.495703 24.0 X Y 968 R
126.32 0.16 21.9 0.907179 -0.289835 -0.617344 0.466443 -0.0921861 -0.623548 24.0 X Y 969 R-SS
126.17 2.32 48.3 5.98972 0.732289 -6.72201 3.69298 -2.0271 2.13289 23.0 X Y 970 R-SS
126.21 0.37 26.4 1.84294 -1.29799 -0.544949 -0.572753 -0.497151 -0.846636 23.0 X Y 971 R
126.64 2.41 45.1 3.5017 -0.4465 -3.0552 -0.485597 -1.82189 -1.18156 23.0 X Y 972 R
126.01 -0.21 27.8 4.65066 -4.02522 -0.625443 0.584142 -2.08898 -2.79403 23.0 X Y 973 R-SS
126.79 4.08 29.3 3.95944 0.0506752 -4.01012 -0.812786 1.80787 0.378389 24.0 X Y 974 R
124.65 -0.11 25.0 0.118992 -0.130422 0.0114301 1.08779 -0.0388954 -0.241839 24.0 X Y 975 R
126.36 1.46 31.5 1.54648 -0.253434 -1.29305 -0.143217 0.221949 -0.614985 24.0 X Y 976 R
123.46 1.58 29.0 3.22838 -3.39127 0.162891 -1.43885 1.48032 0.782579 23.0 X Y 977 R
126.44 1.78 30.3 1.58079 -0.124579 -1.45621 0.0129732 0.111624 -0.426345 24.0 X Y 978 R
126.26 1.78 29.2 1.79378 -0.0717959 -1.72198 -0.794297 0.409249 -1.05805 24.0 X Y 979 R-SS
126.23 1.73 30.1 2.1409 -0.476482 -1.66442 -0.440176 0.143022 -1.00363 24.0 X Y 980 R
126.42 1.71 29.9 3.14689 -0.723285 -2.4236 0.241466 0.12706 -1.33251 24.0 X Y 981 R
126.37 1.71 26.1 2.82613 -0.254781 -2.57135 -0.156357 1.29398 -0.984525 24.0 X Y 982 R
126.29 1.74 27.5 2.90912 -0.312576 -2.59654 -0.626808 0.638299 -1.24432 24.0 X Y 983 R
126.21 1.72 33.4 4.28791 -1.41776 -2.87015 -0.590848 -1.09431 -2.02212 24.0 X Y 984 R
126.26 1.8 33.0 4.39629 -0.420239 -3.97606 -0.434193 0.382579 -1.40043 24.0 X Y 985 R
126.15 1.64 36.0 1.14379 -0.0262757 -1.11751 0.253663 -0.308073 -0.38309 25.0 X Y 986 R
126.1 1.72 26.2 1.27026 -0.0754643 -1.1948 -0.821463 -0.854554 -0.483546 25.0 X Y 987 R
126.26 1.65 34.2 0.891639 1.63035 -2.52199 1.29642 -1.21153 -2.79172 23.0 X Y 988 SS-R
126.45 1.66 29.8 0.0 2.86331 -2.86331 0.063956 0.0271477 -2.76506 23.0 X Y 989 SS
126.24 1.84 30.2 5.13473 -0.443668 -4.69106 -0.104239 -2.22448 -1.54254 23.0 X Y 990 R
126.08 1.72 32.4 5.00745 0.569098 -5.57654 -1.76307 -0.259366 -0.446069 23.0 X Y 991 R
126.41 1.81 32.7 7.75463 0.113035 -7.86766 -0.967704 -0.99825 0.373113 23.0 X Y 992 R
126.25 1.69 28.8 0.711312 0.186216 -0.897528 -0.633232 0.127746 -0.703201 25.0 X Y 993 R-SS
126.16 1.8 27.3 8.08296 -0.442173 -7.64078 -1.97577 -3.02014 -2.11003 24.0 X Y 994 R
126.34 1.56 28.6 2.4985 -0.873047 -1.62546 0.132941 -1.05887 -1.40747 23.0 X Y 995 R
126.22 1.89 30.7 3.21118 0.138307 -3.34949 -1.20189 -1.84314 -0.481929 23.0 X Y 996 R
125.17 -0.37 35.6 1.79224 -0.70417 -1.08807 0.516645 0.707583 -0.876097 23.0 X Y 997 R
126.73 4.03 26.6 -0.219212 0.739106 -0.519894 -0.69212 0.579285 0.109606 24.0 X Y 998 N-SS
126.36 0.79 27.5 4.00682 2.34775 -6.35457 3.16595 -4.17567 -4.58255 24.0 X Y 999 R-SS
126.37 1.67 27.5 1.04526 1.02676 -2.07202 1.17989 0.607732 -0.174211 24.0 X Y 1000 R-SS
125.37 -0.42 36.5 3.05015 -2.25537 -0.794777 0.841094 2.10796 -1.78524 23.0 X Y 1001 R-SS
125.22 -0.38 32.5 1.36225 -0.833825 -0.528424 0.390595 0.66581 -0.707749 24.0 X Y 1002 R
121.98 1.6 28.0 5.10507 -5.10517 9.97922e-05 -6.08533 -0.0240691 0.0416969 23.0 X Y 1003 R
120.18 -1.68 18.9 0.0459574 5.96206 -6.00802 0.547796 0.00620222 1.9205 24.0 X Y 1004 SS
126.33 1.53 41.3 1.18566 -0.255096 -0.930561 -0.281005 -0.299233 -0.497985 25.0 X Y 1005 R
126.87 0.33 26.3 -0.462574 2.79657 -2.334 1.07459 1.0408 -2.62102 23.0 X Y 1006 SS-N
126.68 1.2 46.7 0.0376623 4.28338 -4.32104 -0.506315 0.976947 -4.48217 24.0 X Y 1007 SS
126.15 3.98 28.4 0.825751 0.522513 -1.34826 -2.05964 -1.35919 7.45787 23.0 X Y 1008 SS
126.66 4.05 41.0 2.7182 -0.249549 -2.46865 0.7035 1.44199 -0.808196 24.0 X Y 1009 R
126.27 1.35 30.8 5.3131 0.101621 -5.41472 1.04956 1.20548 -0.537308 23.0 X Y 1010 R
126.33 1.43 21.7 -1.97918 0.141156 1.83803 -0.138529 -0.127208 -0.536638 23.0 X Y 1011 N
126.62 2.43 39.1 3.81229 -0.125087 -3.6872 0.00441549 -1.12772 -0.710509 23.0 X Y 1012 R
126.36 1.37 40.3 5.28106 0.334443 -5.6155 -1.3452 0.0973918 0.189909 23.0 X Y 1013 R
126.43 1.97 37.2 0.98963 -0.635349 -0.354281 -0.650549 -0.42524 -0.475998 25.0 X Y 1014 R
126.56 4.15 24.4 0.866225 0.474922 -1.34115 -1.50347 -0.416263 -1.09128 24.0 X Y 1015 R-SS
126.66 4.22 21.4 4.39376 0.881851 -5.27561 -2.46616 1.6561 -2.65116 24.0 X Y 1016 R-SS
119.27 -1.92 31.1 2.66576 -0.0814839 -2.58427 -0.342119 -0.830655 -0.490471 23.0 X Y 1017 R
126.91 4.22 25.8 2.53554 -0.0484303 -2.48711 0.853526 0.60276 -0.736858 23.0 X Y 1018 R
126.87 4.25 24.2 2.70805 -0.175751 -2.5323 0.562543 0.305272 -0.803211 23.0 X Y 1019 R
126.76 2.63 34.3 0.808478 -0.18957 -0.618908 0.0565442 -0.667969 -0.522718 24.0 X Y 1020 R-SS
125.48 0.5 32.0 2.94231 0.0795991 -3.0219 -0.492798 -2.5315 0.547599 23.0 X Y 1021 R
119.07 -2.22 21.4 1.60942 0.408955 -2.01837 1.06525 0.188252 -0.6527 24.0 X Y 1022 R-SS
124.45 -0.36 39.8 1.33858 -0.658824 -0.679761 0.13737 0.736478 -0.778877 24.0 X Y 1023 R
126.18 1.75 24.5 4.05199 0.806073 -4.85806 2.107 2.61696 -0.0161583 23.0 X Y 1024 R-SS
126.75 1.73 26.5 2.84795 0.143719 -2.99166 -1.72874 0.54535 -2.00555 23.0 X Y 1025 R-SS
124.39 -0.35 37.4 6.93947 -4.97015 -1.96932 2.083 3.00011 -3.37457 23.0 X Y 1026 R
124.55 -0.26 40.6 6.72705 -4.14608 -2.58097 3.45381 2.42345 -3.27743 23.0 X Y 1027 R
119.97 1.31 25.0 0.555549 -0.451663 -0.103886 -0.908741 -0.350494 -0.220352 24.0 X Y 1028 R
126.65 4.14 38.2 0.818613 0.119794 -0.938407 0.469808 0.482521 -0.151118 24.0 X Y 1029 R-SS
124.42 -0.26 41.2 1.70291 -0.766208 -0.936703 0.208974 0.920565 -0.952767 23.0 X Y 1030 R
119.94 1.23 28.6 3.37338 -2.21519 -1.1582 -3.97351 -2.06994 -1.65386 23.0 X Y 1031 R
121.92 1.56 28.1 5.70705 -5.69993 -0.00711982 -6.84044 -0.0149927 0.333414 24.0 X Y 1032 R
126.49 4.97 44.4 -0.277518 -1.28034 1.55785 -1.07276 -0.856234 0.159779 23.0 X Y 1033 SS-N
126.96 1.09 25.5 0.0456639 1.4972 -1.54286 0.270906 0.00956552 -0.355455 24.0 X Y 1034 SS
126.12 0.69 30.7 0.858725 0.103079 -0.961804 -0.467219 0.103144 -0.439821 24.0 X Y 1035 R-SS
125.35 -0.35 41.4 2.4487 -1.38033 -1.06837 0.558318 1.18761 -1.30373 23.0 X Y 1036 R
126.75 3.81 26.3 0.110295 2.03997 -2.15027 1.36507 1.81791 0.658135 24.0 X Y 1037 SS-R
126.31 0.82 30.5 2.6468 -0.437904 -2.2089 -0.631658 0.240689 -1.20337 23.0 X Y 1038 R
120.19 -1.52 17.2 -1.39113 1.37357 0.0175603 0.138367 0.153545 0.203528 23.0 X Y 1039 N
119.95 1.22 25.0 2.69651 -2.37534 -0.321175 -7.15585 -2.14244 -0.889469 23.0 X Y 1040 R
126.29 0.28 20.4 1.8259 -1.63523 -0.190674 -0.460947 1.0281 -1.42056 25.0 X Y 1041 R-SS
126.39 0.43 31.2 2.59275 -0.486622 -2.10613 -0.506936 0.615409 -1.26889 23.0 X Y 1042 R
126.35 0.28 27.4 2.74139 -1.28082 -1.46057 0.143233 0.572025 -1.3968 23.0 X Y 1043 R
126.15 0.32 24.1 2.06506 -0.611941 -1.45312 -0.215081 -0.800696 -0.974297 24.0 X Y 1044 R
126.25 0.16 18.4 1.04439 -0.879781 -0.164608 0.249437 -0.738147 -0.979222 24.0 X Y 1045 R-SS
126.66 3.1 46.8 6.24414 -0.0539916 -6.19015 0.185779 4.90029 -0.62707 23.0 X Y 1046 R
126.25 0.41 25.1 0.0669362 -0.599004 0.532068 -1.17434 0.247821 -1.48909 23.0 X Y 1047 SS-R
126.75 2.89 36.8 4.77717 0.277303 -5.05448 -1.4522 6.05048 -0.394424 23.0 X Y 1048 R
126.81 2.94 43.8 5.45094 -0.179363 -5.27158 0.336546 3.15219 -0.996973 24.0 X Y 1049 R
126.71 3.01 41.7 1.91953 -0.0325538 -1.88698 0.1233 1.61378 -0.258673 25.0 X Y 1050 R
119.43 -2.86 12.0 -6.37818 5.53579 0.842385 2.03014 3.65523 3.0977 23.0 X Y 1051 N
126.73 2.87 47.6 1.95234 -0.305913 -1.64642 0.240716 1.05346 -0.732255 24.0 X Y 1052 R
121.95 -0.64 12.0 -3.86876 3.14514 0.723623 1.57839 0.689547 -2.07229 24.0 X Y 1053 N
121.97 -0.68 12.0 -2.14131 1.77889 0.362421 0.873245 0.460892 -1.18071 25.0 X Y 1054 N
121.52 -0.73 12.0 0.329765 5.88034 -6.21011 1.58912 0.662268 -0.469588 24.0 X Y 1055 SS
122.05 1.3 40.2 4.37958 -0.367826 -4.01176 -3.86965 1.39172 -5.33662 23.0 X Y 1056 R-SS
126.62 1.88 38.0 2.0407 -0.423641 -1.61706 0.711908 0.106164 -1.00717 24.0 X Y 1057 R
126.52 2.19 35.8 1.53117 -0.258357 -1.27282 -0.288142 -0.244999 -0.594294 24.0 X Y 1058 R
126.37 0.49 23.1 5.40228 -0.58389 -4.81839 -1.00577 0.428216 -2.0141 23.0 X Y 1059 R
126.06 0.93 32.1 1.09733 -0.123898 -0.973434 -0.0903261 -0.215583 -0.347504 24.0 X Y 1060 R
126.16 0.92 31.0 5.83545 0.115584 -5.95103 -1.04587 1.73008 -0.991641 24.0 X Y 1061 R
126.13 1.32 41.1 3.03931 -0.440122 -2.59919 -0.299953 -0.81945 -1.07008 24.0 X Y 1062 R
126.08 0.91 31.5 2.05621 0.71223 -2.76844 -1.22495 -0.488472 0.0662489 23.0 X Y 1063 R-SS
120.65 -1.29 16.1 -1.90287 5.50891 -3.60604 -0.632496 2.73964 -0.480417 23.0 X Y 1064 SS-N
123.62 -0.72 36.2 2.35947 1.08857 -3.44803 2.10238 1.29813 -0.650598 23.0 X Y 1065 R-SS
126.78 2.52 29.5 3.26834 0.259845 -3.52818 1.08926 -1.35916 -1.10286 23.0 X Y 1066 R-SS
126.8 2.53 31.2 5.45953 -0.466539 -4.99299 0.059098 -1.27547 -1.58601 23.0 X Y 1067 R
126.68 2.28 33.5 1.06806 -0.290826 -0.77723 -0.272644 -0.0517389 -0.516921 24.0 X Y 1068 R
125.16 -0.27 36.3 2.48588 -1.52195 -0.963927 0.608052 1.67053 -1.45845 24.0 X Y 1069 R
126.71 3.75 27.8 1.51593 0.238198 -1.75413 -0.618383 0.136261 -0.213142 25.0 X Y 1070 R-SS
126.07 0.85 30.6 2.92358 1.08752 -4.0111 -1.98603 -1.7598 0.0437074 24.0 X Y 1071 R-SS
126.1 0.43 16.0 -0.379028 -0.00166447 0.380693 0.136407 -1.04677 -0.0171851 24.0 X Y 1072 N
126.94 3.66 43.4 -1.88303 0.842493 1.04054 -0.14186 1.81147 -1.40449 23.0 X Y 1073 N-SS
126.9 2.13 24.3 0.660636 0.358621 -1.01926 -0.700592 -0.0916013 -0.532641 25.0 X Y 1074 R-SS
126.73 3.71 30.8 1.06126 -0.124338 -0.936919 0.0535716 0.353605 -0.348206 24.0 X Y 1075 R
124.55 -0.35 37.8 3.27585 -1.64056 -1.63529 1.12785 1.90464 -1.70318 23.0 X Y 1076 R
126.67 3.85 20.0 0.825695 2.09904 -2.92473 1.7474 2.24961 0.955988 23.0 X Y 1077 SS-R
126.33 1.74 33.4 2.04517 -0.489133 -1.55604 -0.430833 0.478489 -1.08429 24.0 X Y 1078 R
126.66 3.7 35.5 -0.822189 0.157359 0.664829 -0.230623 0.839045 0.816517 23.0 X Y 1079 N-SS
120.6 -2.06 16.4 -0.0652388 1.32915 -1.26391 0.143518 0.375158 0.386969 23.0 X Y 1080 SS
125.9 1.1 32.8 1.0124 0.00721953 -1.01961 0.123413 -0.457834 0.0421606 24.0 X Y 1081 R
126.93 0.92 25.3 -0.00966965 3.82045 -3.81078 0.180345 0.22205 -1.09914 23.0 X Y 1082 SS
126.34 0.34 23.1 1.54931 -0.51674 -1.03257 0.219788 0.248979 -0.73129 24.0 X Y 1083 R
126.33 1.9 30.4 6.0302 -4.60208 -1.42812 -0.232921 1.32326 -2.86609 24.0 X Y 1084 R
125.26 -0.35 35.9 1.47898 -0.613384 -0.865596 -0.555267 1.48112 -1.94546 23.0 X Y 1085 R-SS
126.45 2.21 34.9 1.05371 -0.0775129 -0.976197 -0.0814555 -0.376139 -0.275993 24.0 X Y 1086 R
