% ini datanya
%  stike   dip   rake
   201   62   68
   83   18   123
   197   58   85
   107   12   116
   212   59   60
   214   60   106
   182   74   114
   22   62   124
   206   53   119
   295   71   52
   334   63   58
   3   57   57
   35   33   84
   127   69   37
   229   81   114
   38   44   131
   194   72   81
   46   58   115
   216   58   103
   192   35   120
   229   66   118
   209   50   89
   35   80   -94
   94   84   -80
   29   79   -89
   334   61   115
   342   38   95
   201   53   111
   339   43   111
   188   80   85
   275   85   -18
   220   53   118
   230   72   135
   20   43   55
   34   51   91
   215   57   98
   354   46   64
   331   39   87
   318   75   68
   34   45   116
   244   65   115
   231   66   100
   43   56   121
   182   88   106
   23   47   72
   4   19   54
   345   58   63
   161   82   84
   222   46   101
   232   47   134
   323   27   69
   315   80   57
   222   32   97
   334   72   4
   24   59   121
   206   59   110
   1   53   53
   355   49   63
   295   88   85
   32   36   92
   223   52   114
   11   41   -87
   28   32   102
   1   39   52
   43   30   136
   205   80   81
   180   28   76
   51   44   82
   35   11   122
   183   81   84
   173   80   79
   209   57   102
   334   44   -85
   334   44   -85
   206   78   -83
   213   69   132
   34   36   74
   66   46   115
   66   46   115
   330   57   31
   153   63   83
   151   41   54
   218   48   114
   17   69   92
   200   36   109
   357   56   77
   59   32   111
   24   49   88
   187   34   41
   23   35   89
   205   55   91
   32   26   122
   81   18   44
   244   21   105
   215   19   100
   148   84   13
   327   54   16
   59   25   90
   239   65   90
   201   37   77
   78   28   168
   183   65   22
   126   87   88
   165   66   47
   190   37   67
   31   27   89
   259   34   82
   22   39   -1
   248   55   135
   189   53   85
   87   8   -169
   18   77   -93
   23   30   104
   23   30   104
   21   42   90
   193   28   68
   193   28   68
   4   28   31
   165   20   66
   10   71   98
   197   42   78
   65   59   127
   50   55   131
   211   42   98
   225   29   90
   68   30   171
   44   60   105
   349   80   -11
   43   60   157
   174   49   56
   175   24   51
   4   45   77
   202   46   103
   4   45   77
   346   46   41
   313   11   -177
   177   72   59
   202   59   75
   35   36   121
   222   30   -21
   170   34   24
   170   34   24
   196   36   44
   330   39   43
   265   36   -178
   170   25   55
   221   38   91
   193   30   58
   215   75   -95
   51   39   123
   191   58   66
   51   39   123
   44   43   113
   44   43   113
   63   39   165
   14   32   99
   61   26   134
   2   43   70
   298   84   85
   111   87   -85
   1   54   80
   28   36   107
   211   54   88
   354   43   44
   8   35   78
   227   58   -2
   273   35   -109
   204   22   -158
   351   32   73
   354   54   119
   358   9   48
   342   72   14
   4   62   83
   202   32   107
   254   50   128
   204   52   88
   54   44   134
   51   40   148
   326   58   -3
   167   74   58
   180   45   106
   201   35   113
   339   36   90
   44   44   140
   16   73   180
   342   58   16
   197   54   91
   255   38   -125
   179   63   49
   32   36   103
   9   36   96
   6   42   101
   67   49   -60
   153   40   -98
   158   57   33
   23   33   88
   23   33   88
   203   49   81
   39   45   101
   49   42   124
   216   43   106
   159   44   73
   212   42   112
   140   36   72
   181   77   88
   200   31   86
   208   30   102
   188   56   82
   211   29   113
   47   55   108
   358   12   70
   339   38   -63
   20   43   83
   20   43   83
   299   25   -86
   348   35   53
   12   47   80
   75   74   -173
   213   46   116
   213   46   116
   99   88   -90
   17   42   82
   165   88   33
   19   42   87
   10   81   84
   69   29   124
   13   82   4
   13   82   4
   210   41   90
   40   26   113
   207   44   37
   341   61   26
   22   38   129
   40   41   89
   165   67   27
   262   70   163
   86   51   25
   16   28   98
   214   39   116
   9   40   56
   24   38   70
   12   37   78
   192   28   92
   27   35   108
   58   53   152
   198   43   81
   196   44   72
   190   44   72
   190   44   72
   226   69   129
   52   28   -39
   20   80   173
   191   41   73
   188   42   97
   78   67   -8
   57   32   -97
   20   43   81
   7   37   72
   19   42   95
   346   76   11
   42   31   104
   342   63   22
   26   39   91
   352   43   85
   175   64   55
   216   35   81
   358   44   58
   164   53   39
   24   43   105
   1   32   69
   225   41   112
   16   49   67
   193   43   90
   5   39   75
   20   37   24
   242   36   128
   21   33   73
   350   56   20
   58   55   142
   21   41   86
   236   57   104
   150   59   61
   300   43   160
   188   43   84
   72   61   102
   30   37   105
   205   57   82
   267   35   154
   180   54   95
   216   49   46
   32   34   93
   181   58   57
   40   26   107
   195   57   96
   204   56   91
   128   39   -174
   19   43   61
   34   42   91
   16   42   74
   9   56   38
   214   34   85
   13   35   78
   201   41   94
   2   68   19
   29   36   94
   48   44   92
   14   34   94
   73   80   178
   37   40   102
   181   49   54
   184   47   55
   219   45   119
   35   49   121
   34   27   -71
   204   40   78
   226   51   100
   217   50   109
   222   39   178
   34   40   98
   98   20   31
   147   76   58
   46   32   109
   14   50   47
   31   33   98
   32   35   92
   39   44   102
   40   78   180
   15   42   80
   45   37   117
   44   18   134
   5   30   83
   26   26   92
   10   49   57
   18   34   79
   73   53   141
   219   43   103
   11   45   75
   16   46   68
   349   50   34
   202   43   105
   337   62   -8
   19   40   96
   342   51   35
   171   43   103
   347   41   73
   358   39   94
   344   79   11
   186   31   74
   219   38   137
   209   29   53
   195   44   54
   60   34   95
   24   31   95
   213   43   102
   197   43   91
   2   51   55
   18   45   73
   206   43   86
   211   35   108
   219   44   113
   37   37   93
   206   44   100
   33   42   114
   5   27   62
   68   65   163
   157   89   0
   24   34   100
   346   46   63
   350   42   79
   353   53   36
   8   34   78
   53   39   115
   354   31   66
   59   49   153
   148   48   28
   23   36   82
   248   80   179
   176   39   75
   159   44   -97
   14   37   95
   192   46   110
   51   26   86
   56   34   129
   158   34   51
   354   50   51
   13   46   70
   266   51   132
   224   44   113
   229   40   99
   40   35   101
   85   50   138
   188   26   94
   11   53   2
   198   21   116
   193   30   94
   190   25   94
   209   31   99
   195   41   67
   19   39   81
   213   46   106
   19   39   89
   201   39   109
   23   37   91
   332   47   47
   36   41   124
   22   39   97
   22   41   74
   332   39   42
   182   10   -81
   345   49   32
   228   45   114
   3   33   99
   214   39   88
   251   44   107
   17   35   92
